2.8209479177387813964017482248891610652208328247070312500000000000000000000000000000000000000000000000e-01
6.9098829894267099760440942191053181886672973632812500000000000000000000000000000000000000000000000000e-01
4.8860251190291992262615394793101586401462554931640625000000000000000000000000000000000000000000000000e-01
3.4549414947133544329105347969743888825178146362304687500000000000000000000000000000000000000000000000e-01
3.0901936161855174667323353787651285529136657714843750000000000000000000000000000000000000000000000000e+00
1.5450968080927587333661676893825642764568328857421875000000000000000000000000000000000000000000000000e+00
6.3078313050504009051877574165700934827327728271484375000000000000000000000000000000000000000000000000e-01
2.5751613468212641855359379405854269862174987792968750000000000000000000000000000000000000000000000000e-01
1.2875806734106320927679689702927134931087493896484375000000000000000000000000000000000000000000000000e-01
2.0026743534373636634882132057100534439086914062500000000000000000000000000000000000000000000000000000e+01
8.1758838114662601981308398535475134849548339843750000000000000000000000000000000000000000000000000000e+00
2.5854414729132049188820019480772316455841064453125000000000000000000000000000000000000000000000000000e+00
7.4635266518023080095645127585157752037048339843750000000000000000000000000000000000000000000000000000e-01
2.1545345607610047466984326547390082851052284240722656250000000000000000000000000000000000000000000000e-01
6.8132365095552149814039921693620271980762481689453125000000000000000000000000000000000000000000000000e-02
2.7814921575518940927151945174955471884459257125854492187500000000000000000000000000000000000000000000e-02
1.6993255389887335127241385634988546371459960937500000000000000000000000000000000000000000000000000000e+02
6.0080230603120917010073753772303462028503417968750000000000000000000000000000000000000000000000000000e+01
1.6057117045374941000090984744019806385040283203125000000000000000000000000000000000000000000000000000e+01
3.7846987830302403210680495249107480049133300781250000000000000000000000000000000000000000000000000000e+00
8.4628437532163447443167569872457534074783325195312500000000000000000000000000000000000000000000000000e-01
1.8923493915151201605340247624553740024566650390625000000000000000000000000000000000000000000000000000e-01
4.4603102903819288882480975644284626469016075134277343750000000000000000000000000000000000000000000000e-02
1.1920680675222401767587854237717692740261554718017578125000000000000000000000000000000000000000000000e-02
4.2145970709045960447824974437480705091729760169982910156250000000000000000000000000000000000000000000e-03
1.7822676612128957458480726927518844604492187500000000000000000000000000000000000000000000000000000000e+03
5.6360252094940858569316333159804344177246093750000000000000000000000000000000000000000000000000000000e+02
1.3284238815238666120421839877963066101074218750000000000000000000000000000000000000000000000000000000e+02
2.7116338932174389952933779568411409854888916015625000000000000000000000000000000000000000000000000000e+01
5.1245063772194425766315362125169485807418823242187500000000000000000000000000000000000000000000000000e+00
9.3560257962738879733421981654828414320945739746093750000000000000000000000000000000000000000000000000e-01
1.7081687924064808958846128916775342077016830444335937500000000000000000000000000000000000000000000000e-01
3.2281355871636177590211502774764085188508033752441406250000000000000000000000000000000000000000000000e-02
6.5894041742255281962625801384092483203858137130737304687500000000000000000000000000000000000000000000e-03
1.5531374585246041433728159120164491469040513038635253906250000000000000000000000000000000000000000000e-03
4.9114518882630486731194485727769460936542600393295288085937500000000000000000000000000000000000000000e-04
2.2260515953769452607957646250724792480468750000000000000000000000000000000000000000000000000000000000e+04
6.4260574391043764990172348916530609130859375000000000000000000000000000000000000000000000000000000000e+03
1.3700400493593524515745230019092559814453125000000000000000000000000000000000000000000000000000000000e+03
2.5013394657320287706170347519218921661376953125000000000000000000000000000000000000000000000000000000e+02
4.1688991095533815212093031732365489006042480468750000000000000000000000000000000000000000000000000000e+01
6.5916082608182522406536918424535542726516723632812500000000000000000000000000000000000000000000000000e+00
1.0171072362820547940742699211114086210727691650390625000000000000000000000000000000000000000000000000e+00
1.5694305382900600176476757496857317164540290832519531250000000000000000000000000000000000000000000000e-01
2.4814875652103454695129869378433795645833015441894531250000000000000000000000000000000000000000000000e-02
4.1358126086839088267343989002711168723180890083312988281250000000000000000000000000000000000000000000e-03
7.5509261979682124749091443050019734073430299758911132812500000000000000000000000000000000000000000000e-04
1.6098628745551683458768488232948357108398340642452239990234375000000000000000000000000000000000000000e-04
4.6472738199140566756582815255427476586191914975643157958984375000000000000000000000000000000000000000e-05
3.2258552325063373427838087081909179687500000000000000000000000000000000000000000000000000000000000000e+05
8.6214607566933613270521163940429687500000000000000000000000000000000000000000000000000000000000000000e+04
1.6908075628482256433926522731781005859375000000000000000000000000000000000000000000000000000000000000e+04
2.8180126047470430421526543796062469482421875000000000000000000000000000000000000000000000000000000000e+03
4.2483138474718344923530821688473224639892578125000000000000000000000000000000000000000000000000000000e+02
6.0080230603120924115501111373305320739746093750000000000000000000000000000000000000000000000000000000e+01
8.1758838114662601981308398535475134849548339843750000000000000000000000000000000000000000000000000000e+00
1.0925484305920791783250933804083615541458129882812500000000000000000000000000000000000000000000000000e+00
1.4599792520475460277928902996791293844580650329589843750000000000000000000000000000000000000000000000e-01
1.9867801125370673082093375683143676724284887313842773437500000000000000000000000000000000000000000000e-02
2.8097313806030640298549982958320470061153173446655273437500000000000000000000000000000000000000000000e-03
4.2358294323398298268992800963417266757460311055183410644531250000000000000000000000000000000000000000e-04
7.0597157205663853035866595053704486417700536549091339111328125000000000000000000000000000000000000000e-05
1.3845241622917592080725147918318640449797385372221469879150390625000000000000000000000000000000000000e-05
3.7002964707185457456377515594869720416681957431137561798095703125000000000000000000000000000000000000e-06
5.3202167426300179213285446166992187500000000000000000000000000000000000000000000000000000000000000000e+06
1.3300541856575044803321361541748046875000000000000000000000000000000000000000000000000000000000000000e+06
2.4283356006292637903243303298950195312500000000000000000000000000000000000000000000000000000000000000e+05
3.7470031800930395547766238451004028320312500000000000000000000000000000000000000000000000000000000000e+04
5.1961584981354171759448945522308349609375000000000000000000000000000000000000000000000000000000000000e+03
6.7082117758442063859547488391399383544921875000000000000000000000000000000000000000000000000000000000e+02
8.2572378929378075440581596922129392623901367187500000000000000000000000000000000000000000000000000000e+01
9.8692869637193130216701320023275911808013916015625000000000000000000000000000000000000000000000000000e+00
1.1631066229203195216967969827237538993358612060546875000000000000000000000000000000000000000000000000e+00
1.3707343005165709137749274759698892012238502502441406250000000000000000000000000000000000000000000000e-01
1.6383408517733736436960967353115847799926996231079101562500000000000000000000000000000000000000000000e-02
2.0166581817713455371254838155437028035521507263183593750000000000000000000000000000000000000000000000e-03
2.6034945176644505105204019379527835553744807839393615722656250000000000000000000000000000000000000000e-04
3.6103972995494473926993833634568886736815329641103744506835937500000000000000000000000000000000000000e-05
5.5709639801457014150884092251736490197799867019057273864746093750000000000000000000000000000000000000e-06
1.0171142129915205282641912226671010444079001899808645248413085937500000000000000000000000000000000000e-06
2.5427855324788013206604780566677526110197504749521613121032714843750000000000000000000000000000000000e-07
9.8388055761295437812805175781250000000000000000000000000000000000000000000000000000000000000000000000e+07
2.3190287138857390731573104858398437500000000000000000000000000000000000000000000000000000000000000000e+07
3.9771014333625598810613155364990234375000000000000000000000000000000000000000000000000000000000000000e+06
5.7404514578658016398549079895019531250000000000000000000000000000000000000000000000000000000000000000e+05
7.4108909653421127586625516414642333984375000000000000000000000000000000000000000000000000000000000000e+04
8.8577089024346769292606040835380554199218750000000000000000000000000000000000000000000000000000000000e+03
1.0029380365364919498460949398577213287353515625000000000000000000000000000000000000000000000000000000e+03
1.0942951118521095565938594518229365348815917968750000000000000000000000000000000000000000000000000000e+02
1.1665225087565627148933344869874417781829833984375000000000000000000000000000000000000000000000000000e+01
1.2296226898414837069850591433350928127765655517578125000000000000000000000000000000000000000000000000e+00
1.2961361208406252387703716522082686424255371093750000000000000000000000000000000000000000000000000000e-01
1.3816857472880167412299101670214440673589706420898437500000000000000000000000000000000000000000000000e-02
1.5075427437116579662546023143931961385533213615417480468750000000000000000000000000000000000000000000e-03
1.7069560266960424909678251115252578529180027544498443603515625000000000000000000000000000000000000000e-04
2.0402026779828729747710489017542556666739983484148979187011718750000000000000000000000000000000000000e-05
2.6338903315718133795928466989177962886969908140599727630615234375000000000000000000000000000000000000e-06
3.8016932298723487083019290447283289324786892393603920936584472656250000000000000000000000000000000000e-07
6.5198501006896214807412922448426328969617316033691167831420898437500000000000000000000000000000000000e-08
1.5367434061724753919984346340471548231221277092117816209793090820312500000000000000000000000000000000e-08
2.0163551266889643669128417968750000000000000000000000000000000000000000000000000000000000000000000000e+09
4.5087071300567245483398437500000000000000000000000000000000000000000000000000000000000000000000000000e+08
7.3140887810020312666893005371093750000000000000000000000000000000000000000000000000000000000000000000e+07
9.9532141371500007808208465576171875000000000000000000000000000000000000000000000000000000000000000000e+06
1.2070045059370703529566526412963867187500000000000000000000000000000000000000000000000000000000000000e+06
1.3494720622119194013066589832305908203125000000000000000000000000000000000000000000000000000000000000e+05
1.4224684517847021197667345404624938964843750000000000000000000000000000000000000000000000000000000000e+04
1.4369101261155601605423726141452789306640625000000000000000000000000000000000000000000000000000000000e+03
1.4090063023735211800158140249550342559814453125000000000000000000000000000000000000000000000000000000e+02
1.3558169466087194976466889784205704927444458007812500000000000000000000000000000000000000000000000000e+01
1.2927207364566026814856058990699239075183868408203125000000000000000000000000000000000000000000000000e+00
1.2325608605533813766363948616344714537262916564941406250000000000000000000000000000000000000000000000e-01
1.1860322410551524599520156755261268699541687965393066406250000000000000000000000000000000000000000000e-02
1.1630002963250777280046488471043630852364003658294677734375000000000000000000000000000000000000000000e-03
1.1748077086477524467490740622821476790704764425754547119140625000000000000000000000000000000000000000e-04
1.2383560573501299007979047084315737947690649889409542083740234375000000000000000000000000000000000000e-05
1.3845241622917592504241621545468809983958635712042450904846191406250000000000000000000000000000000000e-06
1.6789821653966856814527565215644511198433974641375243663787841796875000000000000000000000000000000000e-07
2.2848053291417070696091732380679506508869280878570862114429473876953125000000000000000000000000000000e-08
3.7064436750050712441080779388849486544188494008267298340797424316406250000000000000000000000000000000e-09
8.2878600120854774222433784935785451575274151991834514774382114410400390625000000000000000000000000000e-10
4.5356786994274444580078125000000000000000000000000000000000000000000000000000000000000000000000000000e+10
9.6700994787681465148925781250000000000000000000000000000000000000000000000000000000000000000000000000e+09
1.4921287440406029224395751953125000000000000000000000000000000000000000000000000000000000000000000000e+09
1.9263299253555485606193542480468750000000000000000000000000000000000000000000000000000000000000000000e+08
2.2096519675113379955291748046875000000000000000000000000000000000000000000000000000000000000000000000e+07
2.3291776845360705628991127014160156250000000000000000000000000000000000000000000000000000000000000000e+06
2.3062295614994902280159294605255126953125000000000000000000000000000000000000000000000000000000000000e+05
2.1791821021261392161250114440917968750000000000000000000000000000000000000000000000000000000000000000e+04
1.9893119904100217354425694793462753295898437500000000000000000000000000000000000000000000000000000000e+03
1.7722199770275307173506007529795169830322265625000000000000000000000000000000000000000000000000000000e+02
1.5543397428281151562146078504156321287155151367187500000000000000000000000000000000000000000000000000e+01
1.3528790949515023811500213923864066600799560546875000000000000000000000000000000000000000000000000000e+00
1.1775301082031175425868241291027516126632690429687500000000000000000000000000000000000000000000000000e-01
1.0327622243750181341148675073782214894890785217285156250000000000000000000000000000000000000000000000e-02
9.2005771562235071515251094709242352109868079423904418945312500000000000000000000000000000000000000000e-04
8.3989394175505791961117152411020470026414841413497924804687500000000000000000000000000000000000000000e-05
7.9362517769773270696074055075008857329521561041474342346191406250000000000000000000000000000000000000e-06
7.8580601974183641006920213872843916647070727776736021041870117187500000000000000000000000000000000000e-07
8.2831227381848062816826247078266787227107670332770794630050659179687500000000000000000000000000000000e-08
9.5013934086030206711232667612411495472457545474753715097904205322265625000000000000000000000000000000e-09
1.2266246145761479310988071247273158148605176620549173094332218170166015625000000000000000000000000000e-09
1.8927228717505937834457228530660351240033634212522883899509906768798828125000000000000000000000000000e-10
4.0352987211987476088445806926720401883179611957075394457206130027770996093750000000000000000000000000e-11
1.1110098450807668457031250000000000000000000000000000000000000000000000000000000000000000000000000000e+12
2.2678393497137219238281250000000000000000000000000000000000000000000000000000000000000000000000000000e+11
3.3437466996684089660644531250000000000000000000000000000000000000000000000000000000000000000000000000e+10
4.1158676671940760612487792968750000000000000000000000000000000000000000000000000000000000000000000000e+09
4.4907797941281348466873168945312500000000000000000000000000000000000000000000000000000000000000000000e+08
4.4907797941281355917453765869140625000000000000000000000000000000000000000000000000000000000000000000e+07
4.2060006381181720644235610961914062500000000000000000000000000000000000000000000000000000000000000000e+06
3.7470031800930399913340806961059570312500000000000000000000000000000000000000000000000000000000000000e+05
3.2130287195521879766602069139480590820312500000000000000000000000000000000000000000000000000000000000e+04
2.6775239329601563440519385039806365966796875000000000000000000000000000000000000000000000000000000000e+03
2.1861891366141253456589765846729278564453125000000000000000000000000000000000000000000000000000000000e+02
1.7616814099864814835427750949747860431671142578125000000000000000000000000000000000000000000000000000e+01
1.4104739588693906426897228811867535114288330078125000000000000000000000000000000000000000000000000000e+00
1.1292829551195397719265400837684865109622478485107421875000000000000000000000000000000000000000000000e-01
9.1000213811776812372622558200419007334858179092407226562500000000000000000000000000000000000000000000e-03
7.4301363441007790659742493488693071412853896617889404296875000000000000000000000000000000000000000000e-04
6.1917802867506483181433973861373942781938239932060241699218750000000000000000000000000000000000000000e-05
5.3094077934550694460188145773482659706132835708558559417724609375000000000000000000000000000000000000e-06
4.7299964023276892019742286346617454739771346794441342353820800781250000000000000000000000000000000000e-07
4.4300475192525707396879163782119070980058950226521119475364685058593750000000000000000000000000000000e-08
4.4300475192525700779434263357897672008789413666818290948867797851562500000000000000000000000000000000e-09
4.8335781164824385071625028920420594213958054297108901664614677429199218750000000000000000000000000000e-10
5.9497233712289852745807570219701513464238828987618035171180963516235351562500000000000000000000000000e-11
8.7723885243451046916178396003630011578539038552548845473211258649826049804687500000000000000000000000e-12
1.7906563091743496877379639450408261376786189789100944835809059441089630126953125000000000000000000000e-12
2.9436519815667835937500000000000000000000000000000000000000000000000000000000000000000000000000000000e+13
5.7729764981673457031250000000000000000000000000000000000000000000000000000000000000000000000000000000e+12
8.1642216589693945312500000000000000000000000000000000000000000000000000000000000000000000000000000000e+11
9.6216274969455749511718750000000000000000000000000000000000000000000000000000000000000000000000000000e+10
1.0031240099005228042602539062500000000000000000000000000000000000000000000000000000000000000000000000e+10
9.5644121581417369842529296875000000000000000000000000000000000000000000000000000000000000000000000000e+08
8.5206555718241751194000244140625000000000000000000000000000000000000000000000000000000000000000000000e+07
7.2012683096034396439790725708007812500000000000000000000000000000000000000000000000000000000000000000e+06
5.8409998956389701925218105316162109375000000000000000000000000000000000000000000000000000000000000000e+05
4.5891229279069251788314431905746459960937500000000000000000000000000000000000000000000000000000000000e+04
3.5196966152213458371988963335752487182617187500000000000000000000000000000000000000000000000000000000e+03
2.6530711474029794771922752261161804199218750000000000000000000000000000000000000000000000000000000000e+02
1.9774824782454754057425816426984965801239013671875000000000000000000000000000000000000000000000000000e+01
1.4658075357087596568561593812773935496807098388671875000000000000000000000000000000000000000000000000e+00
1.0865288342008107280722839504960575141012668609619140625000000000000000000000000000000000000000000000e-01
8.0985077759553724535690477637217554729431867599487304687500000000000000000000000000000000000000000000e-03
6.1044799215044455616141494402882017311640083789825439453125000000000000000000000000000000000000000000e-04
4.6819223749156531929997704377655054486240260303020477294921875000000000000000000000000000000000000000e-05
3.6784656225465378816838566550240230412782693747431039810180664062500000000000000000000000000000000000e-06
2.9836296043507722607825041576112834462719547445885837078094482421875000000000000000000000000000000000e-07
2.5216272546510153751272029980061428755533370349439792335033416748046875000000000000000000000000000000e-08
2.2464441057274920466175914979690270145695762948889750987291336059570312500000000000000000000000000000e-09
2.1419004136424335097769419829319718570626029929826472653076052665710449218750000000000000000000000000e-10
2.2330855485962904801630129651055206140702891204341540287714451551437377929687500000000000000000000000e-11
2.6317165573035326999550589942146423339322525158934240607777610421180725097656250000000000000000000000e-12
3.7218092476604850760308497125446378886622078585588724308763630688190460205078125000000000000000000000e-13
7.2990684537272680463546963959854942954213509465066778147956938482820987701416015625000000000000000000e-14
8.3881169726754700000000000000000000000000000000000000000000000000000000000000000000000000000000000000e+14
1.5852051055585190625000000000000000000000000000000000000000000000000000000000000000000000000000000000e+14
2.1571909145961757812500000000000000000000000000000000000000000000000000000000000000000000000000000000e+13
2.4425377308626264648437500000000000000000000000000000000000000000000000000000000000000000000000000000e+12
2.4425377308626263427734375000000000000000000000000000000000000000000000000000000000000000000000000000e+11
2.2297216879182384490966796875000000000000000000000000000000000000000000000000000000000000000000000000e+10
1.8980651486148214340209960937500000000000000000000000000000000000000000000000000000000000000000000000e+09
1.5295044839700686931610107421875000000000000000000000000000000000000000000000000000000000000000000000e+08
1.1800383282931115478277206420898437500000000000000000000000000000000000000000000000000000000000000000e+07
8.7954863937287020962685346603393554687500000000000000000000000000000000000000000000000000000000000000e+05
6.3809164868159263278357684612274169921875000000000000000000000000000000000000000000000000000000000000e+04
4.5347198866482704033842310309410095214843750000000000000000000000000000000000000000000000000000000000e+03
3.1749389719596632630782551132142543792724609375000000000000000000000000000000000000000000000000000000e+02
2.2014240884364404848838603356853127479553222656250000000000000000000000000000000000000000000000000000e+01
1.5191269449366247012989106224267743527889251708984375000000000000000000000000000000000000000000000000e+00
1.0482971849697336752527121461753267794847488403320312500000000000000000000000000000000000000000000000e-01
7.2686331775633321317098278768753516487777233123779296875000000000000000000000000000000000000000000000e-03
5.0890611383235819474568639719791462994180619716644287109375000000000000000000000000000000000000000000e-04
3.6166382675602867877856505529621244932059198617935180664062500000000000000000000000000000000000000000e-05
2.6237851683540053100381940487384468951859162189066410064697265625000000000000000000000000000000000000e-06
1.9556539982650953350475932744634288695806390023790299892425537109375000000000000000000000000000000000e-07
1.5088198164953164271919315727286947659280258449143730103969573974609375000000000000000000000000000000e-08
1.2158416567084861771521759387444834576985641660940018482506275177001953125000000000000000000000000000e-09
1.0349931506416353741921254779683098969089716234748266288079321384429931640625000000000000000000000000e-10
9.4481515911627702847289283531335957709573758478427407681010663509368896484375000000000000000000000000e-12
9.4481515911627698808321448799755514001523504230561911754193715751171112060546875000000000000000000000e-13
1.0697925061790330999639026005507474701447610115900843652525509241968393325805664062500000000000000000e-13
1.4558032059954723372502419996035965671219618647325155791349970968440175056457519531250000000000000000e-14
2.7512094577961104677070514315831939387068457054941195139008414116688072681427001953125000000000000000e-15
2.5580318782801800000000000000000000000000000000000000000000000000000000000000000000000000000000000000e+16
4.6703058751712130000000000000000000000000000000000000000000000000000000000000000000000000000000000000e+15
6.1324120483253650000000000000000000000000000000000000000000000000000000000000000000000000000000000000e+14
6.6910100962167085937500000000000000000000000000000000000000000000000000000000000000000000000000000000e+13
6.4384274670020341796875000000000000000000000000000000000000000000000000000000000000000000000000000000e+12
5.6468744416607775878906250000000000000000000000000000000000000000000000000000000000000000000000000000e+11
4.6106536745441886901855468750000000000000000000000000000000000000000000000000000000000000000000000000e+10
3.5571965374859838485717773437500000000000000000000000000000000000000000000000000000000000000000000000e+09
2.6224000795718014240264892578125000000000000000000000000000000000000000000000000000000000000000000000e+08
1.8636585851190596818923950195312500000000000000000000000000000000000000000000000000000000000000000000e+07
1.2860466039633641485124826431274414062500000000000000000000000000000000000000000000000000000000000000e+06
8.6705244351341985748149454593658447265625000000000000000000000000000000000000000000000000000000000000e+04
5.7421950835291772818891331553459167480468750000000000000000000000000000000000000000000000000000000000e+03
3.7537903566374143338180147111415863037109375000000000000000000000000000000000000000000000000000000000e+02
2.4332208866065791141863883240148425102233886718750000000000000000000000000000000000000000000000000000e+01
1.5706373285785544258175150389433838427066802978515625000000000000000000000000000000000000000000000000e+00
1.0138420360860744828812585183186456561088562011718750000000000000000000000000000000000000000000000000e-01
6.5717618288470142084989333852718118578195571899414062500000000000000000000000000000000000000000000000e-03
4.2960951030737346521826136580557431443594396114349365234375000000000000000000000000000000000000000000e-04
2.8451584865249237850208519073902380114304833114147186279296875000000000000000000000000000000000000000e-05
1.9182054603012294975380742229065234027984843123704195022583007812500000000000000000000000000000000000e-06
1.3236875238963257427284210283185972301112087734509259462356567382812500000000000000000000000000000000e-07
9.4070376108560290718793898360333693986490288807544857263565063476562500000000000000000000000000000000e-09
6.9349601348365144608638738020879935253226733493647770956158638000488281250000000000000000000000000000e-10
5.3504379032941741375627440661195619031609282956196693703532218933105468750000000000000000000000000000e-11
4.3686142545058037848316990090960482790924390705811219959286972880363464355468750000000000000000000000e-12
3.8315281651733153441845354364070390862026527223349603445967659354209899902343750000000000000000000000e-13
3.6868896959507442912966708452997305112174356023224675027449848130345344543457031250000000000000000000e-14
4.0227264549159551920770415102251588676562140539649803372412861790508031845092773437500000000000000000e-15
5.2820986116545135112274024489597108797672172066442475291125902003841474652290344238281250000000000000e-16
9.6437485352329911874920946012647877602127271189601243062128332894644699990749359130859375000000000000e-17
