0.9987954562051723927147716047591006944432036147046117943428170736856099059521574038311892442663941710
0.9891765099647809734516737380162430639836895333369074010191503644849872398622341144003243385877090479
0.9700312531945439926039842072861002514568659622480741009834974506799112392593276800890798848932125239
0.9415440651830207784125094025995023571855897958251828675468258789699971203630496978846001890548036847
0.9039892931234433315862002972305370487101320250506080496646735759958654405663192393572459493188167710
0.8577286100002720699022699842847701370424907994337340186047185423495190873294644473503467443827372978
0.8032075314806449098066765129631419238795694271704608349765046543457740533480153272939564002841188637
0.7409511253549590911756168974951627297289553093090900457364120438466825355639597576967103438140682232
0.6715589548470184006253768504274218032287506321997944988832130731094649118790014151672904931784041607
0.5956993044924333434670365288299698895119263384375047868977947345129738936287256664315349110825853769
0.5141027441932217265936938389688157726080491204162178042879364539860379272742201183345765668289017941
0.4275550934302820943209668568887985343045786293424586393648472046518438249098519379985739495457378038
0.3368898533922200506892532126191475704777667796712222840515309421523592933598104109594588644731514876
0.2429801799032638899482741620774711183209907832838321260423208417946981663958870487838239414776082707
0.1467304744553617516588501296467178197062153165293920668973938768923171676867758277059618817711050948
0.0490676743274180142549549769426826583147453630257529202101225532691659395639607568222207671118007238
-0.0490676743274180142549549769426826583147453630257529202101225532691659395639607568222207671118007238
-0.1467304744553617516588501296467178197062153165293920668973938768923171676867758277059618817711050948
-0.2429801799032638899482741620774711183209907832838321260423208417946981663958870487838239414776082707
-0.3368898533922200506892532126191475704777667796712222840515309421523592933598104109594588644731514876
-0.4275550934302820943209668568887985343045786293424586393648472046518438249098519379985739495457378038
-0.5141027441932217265936938389688157726080491204162178042879364539860379272742201183345765668289017941
-0.5956993044924333434670365288299698895119263384375047868977947345129738936287256664315349110825853769
-0.6715589548470184006253768504274218032287506321997944988832130731094649118790014151672904931784041607
-0.7409511253549590911756168974951627297289553093090900457364120438466825355639597576967103438140682232
-0.8032075314806449098066765129631419238795694271704608349765046543457740533480153272939564002841188637
-0.8577286100002720699022699842847701370424907994337340186047185423495190873294644473503467443827372978
-0.9039892931234433315862002972305370487101320250506080496646735759958654405663192393572459493188167710
-0.9415440651830207784125094025995023571855897958251828675468258789699971203630496978846001890548036847
-0.9700312531945439926039842072861002514568659622480741009834974506799112392593276800890798848932125239
-0.9891765099647809734516737380162430639836895333369074010191503644849872398622341144003243385877090479
-0.9987954562051723927147716047591006944432036147046117943428170736856099059521574038311892442663941710