0.0000000000000000000000000000000000000000000000000000000000000000000000000000000000000000000000000000
0.1963495408493620774039152114549689302623230874609441138109340370192385253928880624142521765838823167
0.3926990816987241548078304229099378605246461749218882276218680740384770507857761248285043531677646335
0.5890486225480862322117456343649067907869692623828323414328021110577155761786641872427565297516469502
0.7853981633974483096156608458198757210492923498437764552437361480769541015715522496570087063355292670
0.9817477042468103870195760572748446513116154373047205690546701850961926269644403120712608829194115837
1.1780972450961724644234912687298135815739385247656646828656042221154311523573283744855130595032939005
1.3744467859455345418274064801847825118362616122266087966765382591346696777502164368997652360871762172
1.5707963267948966192313216916397514420985846996875529104874722961539082031431044993140174126710585340
1.7671458676442586966352369030947203723609077871484970242984063331731467285359925617282695892549408507
1.9634954084936207740391521145496893026232308746094411381093403701923852539288806241425217658388231675
2.1598449493429828514430673260046582328855539620703852519202744072116237793217686865567739424227054842
2.3561944901923449288469825374596271631478770495313293657312084442308623047146567489710261190065878010
2.5525440310417070062508977489145960934102001369922734795421424812501008301075448113852782955904701177
2.7488935718910690836548129603695650236725232244532175933530765182693393555004328737995304721743524345
2.9452431127404311610587281718245339539348463119141617071640105552885778808933209362137826487582347512
3.1415926535897932384626433832795028841971693993751058209749445923078164062862089986280348253421170680
3.3379421944391553158665585947344718144594924868360499347858786293270549316790970610422870019259993847
3.5342917352885173932704738061894407447218155742969940485968126663462934570719851234565391785098817015
3.7306412761378794706743890176444096749841386617579381624077467033655319824648731858707913550937640182
3.9269908169872415480783042290993786052464617492188822762186807403847705078577612482850435316776463350
4.1233403578366036254822194405543475355087848366798263900296147774040090332506493106992957082615286517
4.3196898986859657028861346520093164657711079241407705038405488144232475586435373731135478848454109685
4.5160394395353277802900498634642853960334310116017146176514828514424860840364254355278000614292932852
4.7123889803846898576939650749192543262957540990626587314624168884617246094293134979420522380131756020
4.9087385212340519350978802863742232565580771865236028452733509254809631348222015603563044145970579187
5.1050880620834140125017954978291921868204002739845469590842849625002016602150896227705565911809402355
5.3014376029327760899057107092841611170827233614454910728952189995194401856079776851848087677648225522
5.4977871437821381673096259207391300473450464489064351867061530365386787110008657475990609443487048690
5.6941366846315002447135411321940989776073695363673793005170870735579172363937538100133131209325871857
5.8904862254808623221174563436490679078696926238283234143280211105771557617866418724275652975164695025
6.0868357663302243995213715551040368381320157112892675281389551475963942871795299348418174741003518192