0.0490873852123405193509788028637422325655807718652360284527335092548096313482220156035630441459705792
0.1472621556370215580529364085912266976967423155957080853582005277644288940446660468106891324379117376
0.2454369260617025967548940143187111628279038593261801422636675462740481567411100780178152207298528959
0.3436116964863836354568516200461956279590654030566521991691345647836674194375541092249413090217940543
0.4417864669110646741588092257736800930902269467871242560746015832932866821339981404320673973137352127
0.5399612373357457128607668315011645582213884905175963129800686018029059448304421716391934856056763711
0.6381360077604267515627244372286490233525500342480683698855356203125252075268862028463195738976175294
0.7363107781851077902646820429561334884837115779785404267910026388221444702233302340534456621895586878
0.8344855486097888289666396486836179536148731217090124836964696573317637329197742652605717504814998462
0.9326603190344698676685972544111024187460346654394845406019366758413829956162182964676978387734410046
1.0308350894591509063705548601385868838771962091699565975074036943510022583126623276748239270653821629
1.1290098598838319450725124658660713490083577529004286544128707128606215210091063588819500153573233213
1.2271846303085129837744700715935558141395192966309007113183377313702407837055503900890761036492644797
1.3253594007331940224764276773210402792706808403613727682238047498798600464019944212962021919412056381
1.4235341711578750611783852830485247444018423840918448251292717683894793090984384525033282802331467964
1.5217089415825560998803428887760092095330039278223168820347387868990985717948824837104543685250879548
1.6198837120072371385823004945034936746641654715527889389402058054087178344913265149175804568170291132
1.7180584824319181772842581002309781397953270152832609958456728239183370971877705461247065451089702716
1.8162332528565992159862157059584626049264885590137330527511398424279563598842145773318326334009114299
1.9144080232812802546881733116859470700576501027442051096566068609375756225806586085389587216928525883
2.0125827937059612933901309174134315351888116464746771665620738794471948852771026397460848099847937467
2.1107575641306423320920885231409160003199731902051492234675408979568141479735466709532108982767349051
2.2089323345553233707940461288684004654511347339356212803730079164664334106699907021603369865686760634
2.3071071049800044094960037345958849305822962776660933372784749349760526733664347333674630748606172218
2.4052818754046854481979613403233693957134578213965653941839419534856719360628787645745891631525583802
2.5034566458293664868999189460508538608446193651270374510894089719952911987593227957817152514444995385
2.6016314162540475256018765517783383259757809088575095079948759905049104614557668269888413397364406969
2.6998061866787285643038341575058227911069424525879815649003430090145297241522108581959674280283818553
2.7979809571034096030057917632333072562381039963184536218058100275241489868486548894030935163203230137
2.8961557275280906417077493689607917213692655400489256787112770460337682495450989206102196046122641720
2.9943304979527716804097069746882761865004270837793977356167440645433875122415429518173456929042053304
3.0925052683774527191116645804157606516315886275098697925222110830530067749379869830244717811961464888