0.9999247018391445409216464911963832243506064688022178302440836730014837213868841334793501741589368376
0.9993223845883495008962210111399103525911368291690488414700783462084728541753948606086943047741244546
0.9981181129001492071251558606836062321140632113778141992456004556118395173713637433388786880504218344
0.9963126121827780126272261896697316108763234867490231742314941322048183052286663034324352828581139530
0.9939069700023560415469228132477998214355953506226764763674651868930403405085985075889181078039373099
0.9909026354277800251082370105274337521976237991149927256992081100643996553792994128615689906479927040
0.9873014181578583823998158018450177283203725606333990723464856282547202161680413296923198214066593568
0.9831054874312163271803011546739453386706019222933975526577941595694195922260171330812506503594499562
0.9783173707196276331062400968954989486662500360631230816495786015811018698451759744903891812532253407
0.9729399522055601454677201139037965700243897536956235170889072514855566027279337974215662072989261853
0.9669764710448521090872202259367862730479839136104195989303513041730219611083739525922661999501009066
0.9604305194155658111990351376552656335496268220003038114349196996602195860983666547482838877672058391
0.9533060403541938369167403827397938349040969010171632867949529339188348896363636206990880373294669277
0.9456073253805213257309453865238450864520238660965341455629718085724350291286140933010689868381632885
0.9373390119125749232018995933723808790288308132995546963325657458411778002447696447032083161920987636
0.9285060804732155659371673957159456406234109867828877479861615510769100582911511828005233458856097703
0.9191138516900577439084777893585916788760254170155826476013631182379061388510154227887534912418462756
0.9091679830905223765638847877078063304794860514149418013493945486915413433040565043848415036564172092
0.8986744656939538430419767437334850971686375082110164316056962924551981783325052487723219296180128524
0.8876396204028539477601816172209067692593291468142088200144762682216257218234955710341178697470831918
0.8760700941954066070958442682679904961152886604629681197407004228278540027820264873629675303398073130
0.8639728561215867379181470543455525270742850950242317811555335678079167517202899177077972415950589790
0.8513551931052651422612903117258743556752017362384884190667743706881798048993733629191335831105877274
0.8382247055548380431869968558042860626362709704203287236075646985850546882622337805329101311213571179
0.8245893027850252644748037370848904463286468248009647017983878967148285245862882494503860782365080787
0.8104571982525947917267034342445271670501183629908300867998224525663956923539724574114552269252066104
0.7958369046088835362627919154816773610504779970095616551123623411140461660007086782718225784605044266
0.7807372285720944783015884837795336966664392172732182218575541571912949186280102646373014695612349156
0.7651672656224589258888159990649059180489680014138812013888589144682411874807370646026874414570169458
0.7491363945234593254692032567668843148057429825117396427265396568131702532271355663097737255290303954
0.7326542716724128346155466488994934632929541703531315202018267179836348103639635123735795806023642576
0.7157308252838186541255326234552024122145960838025807150765644749748984228732427893691391169957748675
0.6983762494089728535548135030617225398363276188521383524865554105532064124710882403167866541746350997
0.6806009977954530505944304644563996185348546094786518119251422058873009963578370745862507508405292101
0.6624157775901717611130698169566881852974425440511929825277633930492309617675878204032686382703335051
0.6438315428897914650680860631769553884419570576009011868107220178840894113968623573184042765517183682
0.6248594881423863770840728162810527125578830486090799052802523184906598474771427390155904186015826648
0.6055110414043255139206269413298796581825983175372228999106201976322202011281189863287846441187291491
0.5857978574564388603280808381186622857671368129040376588390429865154945995197178191115892068783134378
0.5657318107836131973897650113692660904743014432468325846677441006973264595406666136283809542103063533
0.5453249884220464223139873471738261971863535360472649722480657047027389676435677651676327386251232354
0.5245896826784689062150984639335456725563206448119373588726363875959195963160091506546822732900757612
0.5035383837257175586918670712604959834510947782836330000052646722559809208656301981901541887020363398
0.4821837720791227485173444807974086112395892088444544430747966272186590561952851698670976509806014911
0.4605387109582400236331814867414884243654576306456521936829498960857226391413424386167986485136657838
0.4386162385385276376470257375461343598431014545442370392629572239749453814826748644613989040384611131
0.4164295600976371825625989107894802468556074172857931058987646494032866402575286675034298735441291869
0.3939920400610481085961886608903134244856522968110642025862597880650858688180689520062438121892504346
0.3713171939518375434119349670219232661775725301769655376587020886674745864278377441012715035639620971
0.3484186802494345684193085876948116364531209085280093224679374582799681831732945144230449272152019416
0.3253102921622629341359547080141967703657466600660294553285869535761121159776102343671524645071413737
0.3020059493192280670034632317324243912848169556015980256384425145434035973129048750553850354021934378
0.2785196893850531052078485259570194793626584607718518665295610233074975007968133888519732729596325275
0.2548656596045145715539807788247035490779248168185416691847029015242716092767782953110555934130876439
0.2310581082806711196432360184727066652304106304332499034754787627016066610915480229880729291823228214
0.2071113761922185497081160197866674167674139345372761775960795601783456612437330322511583414223902360
0.1830398879551409585165325784769200138775632254052333280565068804504059490554431319073868536585392761
0.1588581433338614416843853596530813017855264604464552249536981739616921261330337502389330825502347698
0.1345807085071261863163584092539792556314246096030667794184456873039562949256817967758427591489535350
0.1102222072938830588078991402156777252744746231149868762164343487878463726789387838462304925486091226
0.0857973123444398904615563321468461719405315153026428988435681912372625497215351651236721322280041695
0.0613207363022085777826145929172350071939802796769731652631930233073550398959628364542397455942871312
0.0368072229413588323243326909279513010552317719584573991270406521191349411640973866059376600351670386
0.0122715382857199260794082619510032121403723195917692500382416732467478717678330299039555616638847753
-0.0122715382857199260794082619510032121403723195917692500382416732467478717678330299039555616638847753
-0.0368072229413588323243326909279513010552317719584573991270406521191349411640973866059376600351670386
-0.0613207363022085777826145929172350071939802796769731652631930233073550398959628364542397455942871312
-0.0857973123444398904615563321468461719405315153026428988435681912372625497215351651236721322280041695
-0.1102222072938830588078991402156777252744746231149868762164343487878463726789387838462304925486091226
-0.1345807085071261863163584092539792556314246096030667794184456873039562949256817967758427591489535350
-0.1588581433338614416843853596530813017855264604464552249536981739616921261330337502389330825502347698
-0.1830398879551409585165325784769200138775632254052333280565068804504059490554431319073868536585392761
-0.2071113761922185497081160197866674167674139345372761775960795601783456612437330322511583414223902360
-0.2310581082806711196432360184727066652304106304332499034754787627016066610915480229880729291823228214
-0.2548656596045145715539807788247035490779248168185416691847029015242716092767782953110555934130876439
-0.2785196893850531052078485259570194793626584607718518665295610233074975007968133888519732729596325275
-0.3020059493192280670034632317324243912848169556015980256384425145434035973129048750553850354021934378
-0.3253102921622629341359547080141967703657466600660294553285869535761121159776102343671524645071413737
-0.3484186802494345684193085876948116364531209085280093224679374582799681831732945144230449272152019416
-0.3713171939518375434119349670219232661775725301769655376587020886674745864278377441012715035639620971
-0.3939920400610481085961886608903134244856522968110642025862597880650858688180689520062438121892504346
-0.4164295600976371825625989107894802468556074172857931058987646494032866402575286675034298735441291869
-0.4386162385385276376470257375461343598431014545442370392629572239749453814826748644613989040384611131
-0.4605387109582400236331814867414884243654576306456521936829498960857226391413424386167986485136657838
-0.4821837720791227485173444807974086112395892088444544430747966272186590561952851698670976509806014911
-0.5035383837257175586918670712604959834510947782836330000052646722559809208656301981901541887020363398
-0.5245896826784689062150984639335456725563206448119373588726363875959195963160091506546822732900757612
-0.5453249884220464223139873471738261971863535360472649722480657047027389676435677651676327386251232354
-0.5657318107836131973897650113692660904743014432468325846677441006973264595406666136283809542103063533
-0.5857978574564388603280808381186622857671368129040376588390429865154945995197178191115892068783134378
-0.6055110414043255139206269413298796581825983175372228999106201976322202011281189863287846441187291491
-0.6248594881423863770840728162810527125578830486090799052802523184906598474771427390155904186015826648
-0.6438315428897914650680860631769553884419570576009011868107220178840894113968623573184042765517183682
-0.6624157775901717611130698169566881852974425440511929825277633930492309617675878204032686382703335051
-0.6806009977954530505944304644563996185348546094786518119251422058873009963578370745862507508405292101
-0.6983762494089728535548135030617225398363276188521383524865554105532064124710882403167866541746350997
-0.7157308252838186541255326234552024122145960838025807150765644749748984228732427893691391169957748675
-0.7326542716724128346155466488994934632929541703531315202018267179836348103639635123735795806023642576
-0.7491363945234593254692032567668843148057429825117396427265396568131702532271355663097737255290303954
-0.7651672656224589258888159990649059180489680014138812013888589144682411874807370646026874414570169458
-0.7807372285720944783015884837795336966664392172732182218575541571912949186280102646373014695612349156
-0.7958369046088835362627919154816773610504779970095616551123623411140461660007086782718225784605044266
-0.8104571982525947917267034342445271670501183629908300867998224525663956923539724574114552269252066104
-0.8245893027850252644748037370848904463286468248009647017983878967148285245862882494503860782365080787
-0.8382247055548380431869968558042860626362709704203287236075646985850546882622337805329101311213571179
-0.8513551931052651422612903117258743556752017362384884190667743706881798048993733629191335831105877274
-0.8639728561215867379181470543455525270742850950242317811555335678079167517202899177077972415950589790
-0.8760700941954066070958442682679904961152886604629681197407004228278540027820264873629675303398073130
-0.8876396204028539477601816172209067692593291468142088200144762682216257218234955710341178697470831918
-0.8986744656939538430419767437334850971686375082110164316056962924551981783325052487723219296180128524
-0.9091679830905223765638847877078063304794860514149418013493945486915413433040565043848415036564172092
-0.9191138516900577439084777893585916788760254170155826476013631182379061388510154227887534912418462756
-0.9285060804732155659371673957159456406234109867828877479861615510769100582911511828005233458856097703
-0.9373390119125749232018995933723808790288308132995546963325657458411778002447696447032083161920987636
-0.9456073253805213257309453865238450864520238660965341455629718085724350291286140933010689868381632885
-0.9533060403541938369167403827397938349040969010171632867949529339188348896363636206990880373294669277
-0.9604305194155658111990351376552656335496268220003038114349196996602195860983666547482838877672058391
-0.9669764710448521090872202259367862730479839136104195989303513041730219611083739525922661999501009066
-0.9729399522055601454677201139037965700243897536956235170889072514855566027279337974215662072989261853
-0.9783173707196276331062400968954989486662500360631230816495786015811018698451759744903891812532253407
-0.9831054874312163271803011546739453386706019222933975526577941595694195922260171330812506503594499562
-0.9873014181578583823998158018450177283203725606333990723464856282547202161680413296923198214066593568
-0.9909026354277800251082370105274337521976237991149927256992081100643996553792994128615689906479927040
-0.9939069700023560415469228132477998214355953506226764763674651868930403405085985075889181078039373099
-0.9963126121827780126272261896697316108763234867490231742314941322048183052286663034324352828581139530
-0.9981181129001492071251558606836062321140632113778141992456004556118395173713637433388786880504218344
-0.9993223845883495008962210111399103525911368291690488414700783462084728541753948606086943047741244546
-0.9999247018391445409216464911963832243506064688022178302440836730014837213868841334793501741589368376