0.0000000000000000000000000000000000000000000000000000000000000000000000000000000000000000000000000000
0.0490873852123405193509788028637422325655807718652360284527335092548096313482220156035630441459705792
0.0981747704246810387019576057274844651311615437304720569054670185096192626964440312071260882919411584
0.1472621556370215580529364085912266976967423155957080853582005277644288940446660468106891324379117376
0.1963495408493620774039152114549689302623230874609441138109340370192385253928880624142521765838823167
0.2454369260617025967548940143187111628279038593261801422636675462740481567411100780178152207298528959
0.2945243112740431161058728171824533953934846311914161707164010555288577880893320936213782648758234751
0.3436116964863836354568516200461956279590654030566521991691345647836674194375541092249413090217940543
0.3926990816987241548078304229099378605246461749218882276218680740384770507857761248285043531677646335
0.4417864669110646741588092257736800930902269467871242560746015832932866821339981404320673973137352127
0.4908738521234051935097880286374223256558077186523602845273350925480963134822201560356304414597057919
0.5399612373357457128607668315011645582213884905175963129800686018029059448304421716391934856056763711
0.5890486225480862322117456343649067907869692623828323414328021110577155761786641872427565297516469502
0.6381360077604267515627244372286490233525500342480683698855356203125252075268862028463195738976175294
0.6872233929727672709137032400923912559181308061133043983382691295673348388751082184498826180435881086
0.7363107781851077902646820429561334884837115779785404267910026388221444702233302340534456621895586878
0.7853981633974483096156608458198757210492923498437764552437361480769541015715522496570087063355292670
0.8344855486097888289666396486836179536148731217090124836964696573317637329197742652605717504814998462
0.8835729338221293483176184515473601861804538935742485121492031665865733642679962808641347946274704254
0.9326603190344698676685972544111024187460346654394845406019366758413829956162182964676978387734410046
0.9817477042468103870195760572748446513116154373047205690546701850961926269644403120712608829194115837
1.0308350894591509063705548601385868838771962091699565975074036943510022583126623276748239270653821629
1.0799224746714914257215336630023291164427769810351926259601372036058118896608843432783869712113527421
1.1290098598838319450725124658660713490083577529004286544128707128606215210091063588819500153573233213
1.1780972450961724644234912687298135815739385247656646828656042221154311523573283744855130595032939005
1.2271846303085129837744700715935558141395192966309007113183377313702407837055503900890761036492644797
1.2762720155208535031254488744572980467051000684961367397710712406250504150537724056926391477952350589
1.3253594007331940224764276773210402792706808403613727682238047498798600464019944212962021919412056381
1.3744467859455345418274064801847825118362616122266087966765382591346696777502164368997652360871762172
1.4235341711578750611783852830485247444018423840918448251292717683894793090984384525033282802331467964
1.4726215563702155805293640859122669769674231559570808535820052776442889404466604681068913243791173756
1.5217089415825560998803428887760092095330039278223168820347387868990985717948824837104543685250879548
1.5707963267948966192313216916397514420985846996875529104874722961539082031431044993140174126710585340
1.6198837120072371385823004945034936746641654715527889389402058054087178344913265149175804568170291132
1.6689710972195776579332792973672359072297462434180249673929393146635274658395485305211435009629996924
1.7180584824319181772842581002309781397953270152832609958456728239183370971877705461247065451089702716
1.7671458676442586966352369030947203723609077871484970242984063331731467285359925617282695892549408507
1.8162332528565992159862157059584626049264885590137330527511398424279563598842145773318326334009114299
1.8653206380689397353371945088222048374920693308789690812038733516827659912324365929353956775468820091
1.9144080232812802546881733116859470700576501027442051096566068609375756225806586085389587216928525883
1.9634954084936207740391521145496893026232308746094411381093403701923852539288806241425217658388231675
2.0125827937059612933901309174134315351888116464746771665620738794471948852771026397460848099847937467
2.0616701789183018127411097202771737677543924183399131950148073887020045166253246553496478541307643259
2.1107575641306423320920885231409160003199731902051492234675408979568141479735466709532108982767349051
2.1598449493429828514430673260046582328855539620703852519202744072116237793217686865567739424227054842
2.2089323345553233707940461288684004654511347339356212803730079164664334106699907021603369865686760634
2.2580197197676638901450249317321426980167155058008573088257414257212430420182127177639000307146466426
2.3071071049800044094960037345958849305822962776660933372784749349760526733664347333674630748606172218
2.3561944901923449288469825374596271631478770495313293657312084442308623047146567489710261190065878010
2.4052818754046854481979613403233693957134578213965653941839419534856719360628787645745891631525583802
2.4543692606170259675489401431871116282790385932618014226366754627404815674111007801781522072985289594
2.5034566458293664868999189460508538608446193651270374510894089719952911987593227957817152514444995385
2.5525440310417070062508977489145960934102001369922734795421424812501008301075448113852782955904701177
2.6016314162540475256018765517783383259757809088575095079948759905049104614557668269888413397364406969
2.6507188014663880449528553546420805585413616807227455364476094997597200928039888425924043838824112761
2.6998061866787285643038341575058227911069424525879815649003430090145297241522108581959674280283818553
2.7488935718910690836548129603695650236725232244532175933530765182693393555004328737995304721743524345
2.7979809571034096030057917632333072562381039963184536218058100275241489868486548894030935163203230137
2.8470683423157501223567705660970494888036847681836896502585435367789586181968769050066565604662935929
2.8961557275280906417077493689607917213692655400489256787112770460337682495450989206102196046122641720
2.9452431127404311610587281718245339539348463119141617071640105552885778808933209362137826487582347512
2.9943304979527716804097069746882761865004270837793977356167440645433875122415429518173456929042053304
3.0434178831651121997606857775520184190660078556446337640694775737981971435897649674209087370501759096
3.0925052683774527191116645804157606516315886275098697925222110830530067749379869830244717811961464888
3.1415926535897932384626433832795028841971693993751058209749445923078164062862089986280348253421170680
3.1906800388021337578136221861432451167627501712403418494276781015626260376344310142315978694880876472
3.2397674240144742771646009890069873493283309431055778778804116108174356689826530298351609136340582264
3.2888548092268147965155797918707295818939117149708139063331451200722453003308750454387239577800288055
3.3379421944391553158665585947344718144594924868360499347858786293270549316790970610422870019259993847
3.3870295796514958352175373975982140470250732587012859632386121385818645630273190766458500460719699639
3.4361169648638363545685162004619562795906540305665219916913456478366741943755410922494130902179405431
3.4852043500761768739194950033256985121562348024317580201440791570914838257237631078529761343639111223
3.5342917352885173932704738061894407447218155742969940485968126663462934570719851234565391785098817015
3.5833791205008579126214526090531829772873963461622300770495461756011030884202071390601022226558522807
3.6324665057131984319724314119169252098529771180274661055022796848559127197684291546636652668018228599
3.6815538909255389513234102147806674424185578898927021339550131941107223511166511702672283109477934390
3.7306412761378794706743890176444096749841386617579381624077467033655319824648731858707913550937640182
3.7797286613502199900253678205081519075497194336231741908604802126203416138130952014743543992397345974
3.8288160465625605093763466233718941401153002054884102193132137218751512451613172170779174433857051766
3.8779034317749010287273254262356363726808809773536462477659472311299608765095392326814804875316757558
3.9269908169872415480783042290993786052464617492188822762186807403847705078577612482850435316776463350
3.9760782021995820674292830319631208378120425210841183046714142496395801392059832638886065758236169142
4.0251655874119225867802618348268630703776232929493543331241477588943897705542052794921696199695874934
4.0742529726242631061312406376906053029432040648145903615768812681491994019024272950957326641155580725
4.1233403578366036254822194405543475355087848366798263900296147774040090332506493106992957082615286517
4.1724277430489441448331982434180897680743656085450624184823482866588186645988713263028587524074992309
4.2215151282612846641841770462818320006399463804102984469350817959136282959470933419064217965534698101
4.2706025134736251835351558491455742332055271522755344753878153051684379272953153575099848406994403893
4.3196898986859657028861346520093164657711079241407705038405488144232475586435373731135478848454109685
4.3687772838983062222371134548730586983366886960060065322932823236780571899917593887171109289913815477
4.4178646691106467415880922577368009309022694678712425607460158329328668213399814043206739731373521268
4.4669520543229872609390710606005431634678502397364785891987493421876764526882034199242370172833227060
4.5160394395353277802900498634642853960334310116017146176514828514424860840364254355278000614292932852
4.5651268247476682996410286663280276285990117834669506461042163606972957153846474511313631055752638644
4.6142142099600088189920074691917698611645925553321866745569498699521053467328694667349261497212344436
4.6633015951723493383429862720555120937301733271974227030096833792069149780810914823384891938672050228
4.7123889803846898576939650749192543262957540990626587314624168884617246094293134979420522380131756020
4.7614763655970303770449438777829965588613348709278947599151503977165342407775355135456152821591461812
4.8105637508093708963959226806467387914269156427931307883678839069713438721257575291491783263051167603
4.8596511360217114157469014835104810239924964146583668168206174162261535034739795447527413704510873395
4.9087385212340519350978802863742232565580771865236028452733509254809631348222015603563044145970579187
4.9578259064463924544488590892379654891236579583888388737260844347357727661704235759598674587430284979
5.0069132916587329737998378921017077216892387302540749021788179439905823975186455915634305028889990771
5.0560006768710734931508166949654499542548195021193109306315514532453920288668676071669935470349696563
5.1050880620834140125017954978291921868204002739845469590842849625002016602150896227705565911809402355
5.1541754472957545318527743006929344193859810458497829875370184717550112915633116383741196353269108147
5.2032628325080950512037531035566766519515618177150190159897519810098209229115336539776826794728813938
5.2523502177204355705547319064204188845171425895802550444424854902646305542597556695812457236188519730
5.3014376029327760899057107092841611170827233614454910728952189995194401856079776851848087677648225522
5.3505249881451166092566895121479033496483041333107271013479525087742498169561997007883718119107931314
5.3996123733574571286076683150116455822138849051759631298006860180290594483044217163919348560567637106
5.4486997585697976479586471178753878147794656770411991582534195272838690796526437319954979002027342898
5.4977871437821381673096259207391300473450464489064351867061530365386787110008657475990609443487048690
5.5468745289944786866606047236028722799106272207716712151588865457934883423490877632026239884946754482
5.5959619142068192060115835264666145124762079926369072436116200550482979736973097788061870326406460273
5.6450492994191597253625623293303567450417887645021432720643535643031076050455317944097500767866166065
5.6941366846315002447135411321940989776073695363673793005170870735579172363937538100133131209325871857
5.7432240698438407640645199350578412101729503082326153289698205828127268677419758256168761650785577649
5.7923114550561812834154987379215834427385310800978513574225540920675364990901978412204392092245283441
5.8413988402685218027664775407853256753041118519630873858752876013223461304384198568240022533704989233
5.8904862254808623221174563436490679078696926238283234143280211105771557617866418724275652975164695025
5.9395736106932028414684351465128101404352733956935594427807546198319653931348638880311283416624400817
5.9886609959055433608194139493765523730008541675587954712334881290867750244830859036346913858084106608
6.0377483811178838801703927522402946055664349394240314996862216383415846558313079192382544299543812400
6.0868357663302243995213715551040368381320157112892675281389551475963942871795299348418174741003518192
6.1359231515425649188723503579677790706975964831545035565916886568512039185277519504453805182463223984
6.1850105367549054382233291608315213032631772550197395850444221661060135498759739660489435623922929776
6.2340979219672459575743079636952635358287580268849756134971556753608231812241959816525066065382635568