0.0122718463030851298377447007159355581413951929663090071131833773137024078370555039008907610364926448
0.0368155389092553895132341021478066744241855788989270213395501319411072235111665117026722831094779344
0.0613592315154256491887235035796777907069759648315450355659168865685120391852775195044538051824632240
0.0859029241215959088642129050115489069897663507641630497922836411959168548593885273062353272554485136
0.1104466167277661685397023064434200232725567366967810640186503958233216705334995351080168493284338032
0.1349903093339364282151917078752911395553471226293990782450171504507264862076105429097983714014190928
0.1595340019401066878906811093071622558381375085620170924713839050781313018817215507115798934744043824
0.1840776945462769475661705107390333721209278944946351066977506597055361175558325585133614155473896720
0.2086213871524472072416599121709044884037182804272531209241174143329409332299435663151429376203749615
0.2331650797586174669171493136027756046865086663598711351504841689603457489040545741169244596933602511
0.2577087723647877265926387150346467209692990522924891493768509235877505645781655819187059817663455407
0.2822524649709579862681281164665178372520894382251071636032176782151553802522765897204875038393308303
0.3067961575771282459436175178983889535348798241577251778295844328425601959263875975222690259123161199
0.3313398501832985056191069193302600698176702100903431920559511874699650116004986053240505479853014095
0.3558835427894687652945963207621311861004605960229612062823179420973698272746096131258320700582866991
0.3804272353956390249700857221940023023832509819555792205086846967247746429487206209276135921312719887
0.4049709280018092846455751236258734186660413678881972347350514513521794586228316287293951142042572783
0.4295146206079795443210645250577445349488317538208152489614182059795842742969426365311766362772425679
0.4540583132141498039965539264896156512316221397534332631877849606069890899710536443329581583502278575
0.4786020058203200636720433279214867675144125256860512774141517152343939056451646521347396804232131471
0.5031456984264903233475327293533578837972029116186692916405184698617987213192756599365212024961984367
0.5276893910326605830230221307852290000799932975512873058668852244892035369933866677383027245691837263
0.5522330836388308426985115322171001163627836834839053200932519791166083526674976755400842466421690159
0.5767767762450011023740009336489712326455740694165233343196187337440131683416086833418657687151543054
0.6013204688511713620494903350808423489283644553491413485459854883714179840157196911436472907881395950
0.6258641614573416217249797365127134652111548412817593627723522429988227996898306989454288128611248846
0.6504078540635118814004691379445845814939452272143773769987189976262276153639417067472103349341101742
0.6749515466696821410759585393764556977767356131469953912250857522536324310380527145489918570070954638
0.6994952392758524007514479408083268140595259990796134054514525068810372467121637223507733790800807534
0.7240389318820226604269373422401979303423163850122314196778192615084420623862747301525549011530660430
0.7485826244881929201024267436720690466251067709448494339041860161358468780603857379543364232260513326
0.7731263170943631797779161451039401629078971568774674481305527707632516937344967457561179452990366222
0.7976700097005334394534055465358112791906875428100854623569195253906565094086077535578994673720219118
0.8222137023067036991288949479676823954734779287427034765832862800180613250827187613596809894450072014
0.8467573949128739588043843493995535117562683146753214908096530346454661407568297691614625115179924910
0.8713010875190442184798737508314246280390587006079395050360197892728709564309407769632440335909777806
0.8958447801252144781553631522632957443218490865405575192623865439002757721050517847650255556639630702
0.9203884727313847378308525536951668606046394724731755334887532985276805877791627925668070777369483598
0.9449321653375549975063419551270379768874298584057935477151200531550854034532738003685885998099336494
0.9694758579437252571818313565589090931702202443384115619414868077824902191273848081703701218829189389
0.9940195505498955168573207579907802094530106302710295761678535624098950348014958159721516439559042285
1.0185632431560657765328101594226513257358010162036475903942203170372998504756068237739331660288895181
1.0431069357622360362082995608545224420185914021362656046205870716647046661497178315757146881018748077
1.0676506283684062958837889622863935583013817880688836188469538262921094818238288393774962101748600973
1.0921943209745765555592783637182646745841721740015016330733205809195142974979398471792777322478453869
1.1167380135807468152347677651501357908669625599341196472996873355469191131720508549810592543208306765
1.1412817061869170749102571665820069071497529458667376615260540901743239288461618627828407763938159661
1.1658253987930873345857465680138780234325433317993556757524208448017287445202728705846222984668012557
1.1903690913992575942612359694457491397153337177319736899787875994291335601943838783864038205397865453
1.2149127840054278539367253708776202559981241036645917042051543540565383758684948861881853426127718349
1.2394564766115981136122147723094913722809144895972097184315211086839431915426058939899668646857571245
1.2640001692177683732877041737413624885637048755298277326578878633113480072167169017917483867587424141
1.2885438618239386329631935751732336048464952614624457468842546179387528228908279095935299088317277037
1.3130875544301088926386829766051047211292856473950637611106213725661576385649389173953114309047129933
1.3376312470362791523141723780369758374120760333276817753369881271935624542390499251970929529776982829
1.3621749396424494119896617794688469536948664192602997895633548818209672699131609329988744750506835724
1.3867186322486196716651511809007180699776568051929178037897216364483720855872719408006559971236688620
1.4112623248547899313406405823325891862604471911255358180160883910757769012613829486024375191966541516
1.4358060174609601910161299837644603025432375770581538322424551457031817169354939564042190412696394412
1.4603497100671304506916193851963314188260279629907718464688219003305865326096049642060005633426247308
1.4848934026733007103671087866282025351088183489233898606951886549579913482837159720077820854156100204
1.5094370952794709700425981880600736513916087348560078749215554095853961639578269798095636074885953100
1.5339807878856412297180875894919447676743991207886258891479221642128009796319379876113451295615805996
1.5585244804918114893935769909238158839571895067212439033742889188402057953060489954131266516345658892
1.5830681730979817490690663923556870002399798926538619176006556734676106109801600032149081737075511788
1.6076118657041520087445557937875581165227702785864799318270224280950154266542710110166896957805364684
1.6321555583103222684200451952194292328055606645190979460533891827224202423283820188184712178535217580
1.6566992509164925280955345966513003490883510504517159602797559373498250580024930266202527399265070476
1.6812429435226627877710239980831714653711414363843339745061226919772298736766040344220342619994923372
1.7057866361288330474465133995150425816539318223169519887324894466046346893507150422238157840724776268
1.7303303287350033071220028009469136979367222082495700029588562012320395050248260500255973061454629163
1.7548740213411735667974922023787848142195125941821880171852229558594443206989370578273788282184482059
1.7794177139473438264729816038106559305023029801148060314115897104868491363730480656291603502914334955
1.8039614065535140861484710052425270467850933660474240456379564651142539520471590734309418723644187851
1.8285050991596843458239604066743981630678837519800420598643232197416587677212700812327233944374040747
1.8530487917658546054994498081062692793506741379126600740906899743690635833953810890345049165103893643
1.8775924843720248651749392095381403956334645238452780883170567289964683990694920968362864385833746539
1.9021361769781951248504286109700115119162549097778961025434234836238732147436031046380679606563599435
1.9266798695843653845259180124018826281990452957105141167697902382512780304177141124398494827293452331
1.9512235621905356442014074138337537444818356816431321309961569928786828460918251202416310048023305227
1.9757672547967059038768968152656248607646260675757501452225237475060876617659361280434125268753158123
2.0003109474028761635523862166974959770474164535083681594488905021334924774400471358451940489483011019
2.0248546400090464232278756181293670933302068394409861736752572567608972931141581436469755710212863915
2.0493983326152166829033650195612382096129972253736041879016240113883021087882691514487570930942716811
2.0739420252213869425788544209931093258957876113062222021279907660157069244623801592505386151672569707
2.0984857178275572022543438224249804421785779972388402163543575206431117401364911670523201372402422603
2.1230294104337274619298332238568515584613683831714582305807242752705165558106021748541016593132275498
2.1475731030398977216053226252887226747441587691040762448070910298979213714847131826558831813862128394
2.1721167956460679812808120267205937910269491550366942590334577845253261871588241904576647034591981290
2.1966604882522382409563014281524649073097395409693122732598245391527310028329351982594462255321834186
2.2212041808584085006317908295843360235925299269019302874861912937801358185070462060612277476051687082
2.2457478734645787603072802310162071398753203128345483017125580484075406341811572138630092696781539978
2.2702915660707490199827696324480782561581106987671663159389248030349454498552682216647907917511392874
2.2948352586769192796582590338799493724409010846997843301652915576623502655293792294665723138241245770
2.3193789512830895393337484353118204887236914706324023443916583122897550812034902372683538358971098666
2.3439226438892597990092378367436916050064818565650203586180250669171598968776012450701353579700951562
2.3684663364954300586847272381755627212892722424976383728443918215445647125517122528719168800430804458
2.3930100291016003183602166396074338375720626284302563870707585761719695282258232606736984021160657354
2.4175537217077705780357060410393049538548530143628744012971253307993743438999342684754799241890510250
2.4420974143139408377111954424711760701376434002954924155234920854267791595740452762772614462620363146
2.4666411069201110973866848439030471864204337862281104297498588400541839752481562840790429683350216042
2.4911847995262813570621742453349183027032241721607284439762255946815887909222672918808244904080068938
2.5157284921324516167376636467667894189860145580933464582025923493089936065963782996826060124809921833
2.5402721847386218764131530481986605352688049440259644724289591039363984222704893074843875345539774729
2.5648158773447921360886424496305316515515953299585824866553258585638032379446003152861690566269627625
2.5893595699509623957641318510624027678343857158912005008816926131912080536187113230879505786999480521
2.6139032625571326554396212524942738841171761018238185151080593678186128692928223308897321007729333417
2.6384469551633029151151106539261450003999664877564365293344261224460176849669333386915136228459186313
2.6629906477694731747906000553580161166827568736890545435607928770734225006410443464932951449189039209
2.6875343403756434344660894567898872329655472596216725577871596317008273163151553542950766669918892105
2.7120780329818136941415788582217583492483376455542905720135263863282321319892663620968581890648745001
2.7366217255879839538170682596536294655311280314869085862398931409556369476633773698986397111378597897
2.7611654181941542134925576610855005818139184174195266004662598955830417633374883777004212332108450793
2.7857091108003244731680470625173716980967088033521446146926266502104465790115993855022027552838303689
2.8102528034064947328435364639492428143794991892847626289189934048378513946857103933039842773568156585
2.8347964960126649925190258653811139306622895752173806431453601594652562103598214011057657994298009481
2.8593401886188352521945152668129850469450799611499986573717269140926610260339324089075473215027862377
2.8838838812250055118700046682448561632278703470826166715980936687200658417080434167093288435757715272
2.9084275738311757715454940696767272795106607330152346858244604233474706573821544245111103656487568168
2.9329712664373460312209834711085983957934511189478527000508271779748754730562654323128918877217421064
2.9575149590435162908964728725404695120762415048804707142771939326022802887303764401146734097947273960
2.9820586516496865505719622739723406283590318908130887285035606872296851044044874479164549318677126856
3.0066023442558568102474516754042117446418222767457067427299274418570899200785984557182364539406979752
3.0311460368620270699229410768360828609246126626783247569562941964844947357527094635200179760136832648
3.0556897294681973295984304782679539772074030486109427711826609511118995514268204713217994980866685544
3.0802334220743675892739198796998250934901934345435607854090277057393043671009314791235810201596538440
3.1047771146805378489494092811316962097729838204761787996353944603667091827750424869253625422326391336
3.1293208072867081086248986825635673260557742064087968138617612149941139984491534947271440643056244232