0.0025632227904479728952659714800763878348766694274252641305965220970898955128438355278753112997815634
0.0134942258585313754667699510210679359091580396562769948946589914553544279353005366978715487481451740
0.0331143242382159233303098908938871831314404689131689112179002230221775037233932647515102235246567665
0.0613507294382959252832012075511999486799986604081286840489880257949329733182064604916610917844250131
0.0980947209234102143744756321120535878766625407381754823200128587380739226084548271251254804825794069
0.1432073578823066931518214412787049482670141954489433637188491122912283919630885573930988265429269021
0.1965226133701957038118675823756211152294335219508641946756025710100527320007541347036185188023221237
0.2578506571903160155532754057064218634804655091149474894848155797480845664947989500921279905182241756
0.3269813779659440446212732141710657452243805819320959352665725739798573439079424056692313882440021708
0.4036880496689731541046647997893336456736083120423411934369850016565491215643609259150569785389540562
0.4877310289598587814630923038292948099962579756767270553422398732813733966591346032798374301821006325
0.5788613774991324427943404254871425287091645527645750478141198617330581906772788734325741584580644578
0.6768243192867709594761778954606900585271872857307955555778083624525889607406573785841993311676780567
0.7813624621948286023198172667258091754351120071907400125127289635273153270192988705328002331499072226
0.8922187327688486824760148765571222961115000601179055789593940901897690271370281430926199194021837331
1.0091389924758554918223521543453993237501497615053935088028594892512632766221396219360264736426461521
1.1318743207717236251683916465697003180787636446343583741649142846506461578493161210213440866901692998
1.2601829649782167162979612422039527887270966097905401287645971648295540648278890120887035859071058995
1.3938319686962090772565301651074739076527326666359661982876299336600020203673293580856969207400791464
1.5325984993252387303494529700835919700921519543871825061471336991031220519742739802718482676697980337
1.6762709014115082744323729993777290904794994374545462890424482737057238173745137193421846475633906464
1.8246495063430346035554702872971332323576938981697565899274850519174957325757597880655656652070804958
1.9775472307573311388562261658450165757620002610538128643468084399505247033150038569658593578470573355
2.1347899963467995519837320657673488199246952888864593672725220067171417697036721379960481388565653697
2.2962170029440192943812094158921362988613458833275441385321097610000082110641032837413791046710910111
2.4616808852059873725120682927337927740718031441521834985032044458394188573245987787715900302540431323
2.6310477812030628706422247500683250829953923631162939092513200061359743501876054450073231431251918404
2.8041973390096306812971232921650005351810166345727946284262551541872650569202048158603607486405174250
2.9810226851920503503634615233923274442696921285839336612154370248025064347802960243010683200735747294
3.1614303770529953292810592178992459729302043184501600119460619054802768239677065501753679461120943653
3.3453403587414227869392193587617368329764168759419278423471176050155877890835447019015409198258846380
3.5326859399694912086268290927008895310460945458145979181229185736143735487927936933331306374267735493
3.7234138151709331032389291608643425217405752008462072904941575649991653847772676580685659840393715503
3.9174841405628301982328511669301965836679265453615979576287003540840157336164176151378779925729355460
4.1148706868118944215182514261645218221169980023095435981018926181316927733564259736066911580019859068
4.3155610859501050292203584971808694949701478000051572758070451675108667974205896158042125599490064544
4.5195571929538200380089067470805802320600736308496407108931476258051101716152771163047797895971249735
4.7268755851597392779015390465924773388048918627424898590798313764342657343018703484958016418870922048
4.9375482266685648353412995073602661109711241682303059461800128290383060372828958297119867569349245336
5.1516233304025567395195260514427748671806119739377797029703069586051381481647178898379136261247682837
5.3691664579869659035280096916474016820775429831418999884108151650198555083176559302160020667658200337
5.5902619077565889064322329481772907454078895187986513235269303091985551746258350363481251265915882687
5.8150144548610615820167031442980047591748118749231879163730554097902121827927402325549555730988256318
6.0435515259752931376920488825211724046137928666451586730578861353494767219888787359523669022165657813
6.2760259164429138498479736828982491866188385757544087519126814319178114698011013968747653512965246824
6.5126191926492817368694720484054495067589352063602973063979782407136013788566908052486255185092841263
6.7535459713431176632010678462510007039684585431226930142578051961611425600037243671510957138720706620
6.9990593371100328896312091305819126716579121902848556147226325776548588322510722151536814035218833586
7.2494577595945617338683749120855033506204861340000881394936901264490406020413839068112289944094273777
7.5050940199464347483389125111561568839565035449259399498100801958589066844516183695893320040965366065
7.7663868785712641459057158025851319189948789893781990843419215228359389363079259876900428036243444909
8.0338365596514578792218212480769416766522560400477066837797019402473938156184368687276270538827989988
8.3080456724842196405523908207326538190736149967253742323764050973918081402904047323057573277737532244
8.5897480810863914984495762974837139317600829936268519233737562821792816107930522122522858635430269289
8.8798497467373300462123946980578929651014272393891803759696040870393913798742950266706134127443699509
9.1794882482760323607463797021327667686026998530641264031673347169601614315459254665251726968683608203
9.4901226758770534844460630463808551541971744895588835469016367255346729594287007353069113574537495714
9.8136754646617009658083767209337702200735120743021948649941450486465658630178324149540538829729221288
10.1527687520115492661803440751412788335709069740559738070421912129131753162477380962133786366422687791
10.5111469607311437386759982038273011954800640941826189572879532639779981752272074909460556097826516164
10.8945069597842382793261466972726287734054521886452714766126984227926686221632211044331686531337035534
11.3123619332677294244054228541847622734982009184986764962834378993855404585982686069858025883803090211
11.7831917270272358663601114451009149926140286943523241613404706469970755106374083023292026194327830996
12.3553938310569005730374885495044809271874838811106821746493764653211409363207902586023380832074726050