0.0000000000000000000000000000000000000000000000000000000000000000000000000000000000000000000000000000
0.0981747704246810387019576057274844651311615437304720569054670185096192626964440312071260882919411584
0.1963495408493620774039152114549689302623230874609441138109340370192385253928880624142521765838823167
0.2945243112740431161058728171824533953934846311914161707164010555288577880893320936213782648758234751
0.3926990816987241548078304229099378605246461749218882276218680740384770507857761248285043531677646335
0.4908738521234051935097880286374223256558077186523602845273350925480963134822201560356304414597057919
0.5890486225480862322117456343649067907869692623828323414328021110577155761786641872427565297516469502
0.6872233929727672709137032400923912559181308061133043983382691295673348388751082184498826180435881086
0.7853981633974483096156608458198757210492923498437764552437361480769541015715522496570087063355292670
0.8835729338221293483176184515473601861804538935742485121492031665865733642679962808641347946274704254
0.9817477042468103870195760572748446513116154373047205690546701850961926269644403120712608829194115837
1.0799224746714914257215336630023291164427769810351926259601372036058118896608843432783869712113527421
1.1780972450961724644234912687298135815739385247656646828656042221154311523573283744855130595032939005
1.2762720155208535031254488744572980467051000684961367397710712406250504150537724056926391477952350589
1.3744467859455345418274064801847825118362616122266087966765382591346696777502164368997652360871762172
1.4726215563702155805293640859122669769674231559570808535820052776442889404466604681068913243791173756
1.5707963267948966192313216916397514420985846996875529104874722961539082031431044993140174126710585340
1.6689710972195776579332792973672359072297462434180249673929393146635274658395485305211435009629996924
1.7671458676442586966352369030947203723609077871484970242984063331731467285359925617282695892549408507
1.8653206380689397353371945088222048374920693308789690812038733516827659912324365929353956775468820091
1.9634954084936207740391521145496893026232308746094411381093403701923852539288806241425217658388231675
2.0616701789183018127411097202771737677543924183399131950148073887020045166253246553496478541307643259
2.1598449493429828514430673260046582328855539620703852519202744072116237793217686865567739424227054842
2.2580197197676638901450249317321426980167155058008573088257414257212430420182127177639000307146466426
2.3561944901923449288469825374596271631478770495313293657312084442308623047146567489710261190065878010
2.4543692606170259675489401431871116282790385932618014226366754627404815674111007801781522072985289594
2.5525440310417070062508977489145960934102001369922734795421424812501008301075448113852782955904701177
2.6507188014663880449528553546420805585413616807227455364476094997597200928039888425924043838824112761
2.7488935718910690836548129603695650236725232244532175933530765182693393555004328737995304721743524345
2.8470683423157501223567705660970494888036847681836896502585435367789586181968769050066565604662935929
2.9452431127404311610587281718245339539348463119141617071640105552885778808933209362137826487582347512
3.0434178831651121997606857775520184190660078556446337640694775737981971435897649674209087370501759096
3.1415926535897932384626433832795028841971693993751058209749445923078164062862089986280348253421170680
3.2397674240144742771646009890069873493283309431055778778804116108174356689826530298351609136340582264
3.3379421944391553158665585947344718144594924868360499347858786293270549316790970610422870019259993847
3.4361169648638363545685162004619562795906540305665219916913456478366741943755410922494130902179405431
3.5342917352885173932704738061894407447218155742969940485968126663462934570719851234565391785098817015
3.6324665057131984319724314119169252098529771180274661055022796848559127197684291546636652668018228599
3.7306412761378794706743890176444096749841386617579381624077467033655319824648731858707913550937640182
3.8288160465625605093763466233718941401153002054884102193132137218751512451613172170779174433857051766
3.9269908169872415480783042290993786052464617492188822762186807403847705078577612482850435316776463350
4.0251655874119225867802618348268630703776232929493543331241477588943897705542052794921696199695874934
4.1233403578366036254822194405543475355087848366798263900296147774040090332506493106992957082615286517
4.2215151282612846641841770462818320006399463804102984469350817959136282959470933419064217965534698101
4.3196898986859657028861346520093164657711079241407705038405488144232475586435373731135478848454109685
4.4178646691106467415880922577368009309022694678712425607460158329328668213399814043206739731373521268
4.5160394395353277802900498634642853960334310116017146176514828514424860840364254355278000614292932852
4.6142142099600088189920074691917698611645925553321866745569498699521053467328694667349261497212344436
4.7123889803846898576939650749192543262957540990626587314624168884617246094293134979420522380131756020
4.8105637508093708963959226806467387914269156427931307883678839069713438721257575291491783263051167603
4.9087385212340519350978802863742232565580771865236028452733509254809631348222015603563044145970579187
5.0069132916587329737998378921017077216892387302540749021788179439905823975186455915634305028889990771
5.1050880620834140125017954978291921868204002739845469590842849625002016602150896227705565911809402355
5.2032628325080950512037531035566766519515618177150190159897519810098209229115336539776826794728813938
5.3014376029327760899057107092841611170827233614454910728952189995194401856079776851848087677648225522
5.3996123733574571286076683150116455822138849051759631298006860180290594483044217163919348560567637106
5.4977871437821381673096259207391300473450464489064351867061530365386787110008657475990609443487048690
5.5959619142068192060115835264666145124762079926369072436116200550482979736973097788061870326406460273
5.6941366846315002447135411321940989776073695363673793005170870735579172363937538100133131209325871857
5.7923114550561812834154987379215834427385310800978513574225540920675364990901978412204392092245283441
5.8904862254808623221174563436490679078696926238283234143280211105771557617866418724275652975164695025
5.9886609959055433608194139493765523730008541675587954712334881290867750244830859036346913858084106608
6.0868357663302243995213715551040368381320157112892675281389551475963942871795299348418174741003518192
6.1850105367549054382233291608315213032631772550197395850444221661060135498759739660489435623922929776