0.0245436926061702596754894014318711162827903859326180142263667546274048156741110078017815220729852896
0.0736310778185107790264682042956133488483711577978540426791002638822144470223330234053445662189558688
0.1227184630308512983774470071593555814139519296630900711318337731370240783705550390089076103649264480
0.1718058482431918177284258100230978139795327015283260995845672823918337097187770546124706545108970272
0.2208932334555323370794046128868400465451134733935621280373007916466433410669990702160336986568676063
0.2699806186678728564303834157505822791106942452587981564900343009014529724152210858195967428028381855
0.3190680038802133757813622186143245116762750171240341849427678101562626037634431014231597869488087647
0.3681553890925538951323410214780667442418557889892702133955013194110722351116651170267228310947793439
0.4172427743048944144833198243418089768074365608545062418482348286658818664598871326302858752407499231
0.4663301595172349338342986272055512093730173327197422703009683379206914978081091482338489193867205023
0.5154175447295754531852774300692934419385981045849782987537018471755011291563311638374119635326910815
0.5645049299419159725362562329330356745041788764502143272064353564303107605045531794409750076786616607
0.6135923151542564918872350357967779070697596483154503556591688656851203918527751950445380518246322398
0.6626797003665970112382138386605201396353404201806863841119023749399300232009972106481010959706028190
0.7117670855789375305891926415242623722009211920459224125646358841947396545492192262516641401165733982
0.7608544707912780499401714443880046047665019639111584410173693934495492858974412418552271842625439774
0.8099418560036185692911502472517468373320827357763944694701029027043589172456632574587902284085145566
0.8590292412159590886421290501154890698976635076416304979228364119591685485938852730623532725544851358
0.9081166264282996079931078529792313024632442795068665263755699212139781799421072886659163167004557150
0.9572040116406401273440866558429735350288250513721025548283034304687878112903293042694793608464262942
1.0062913968529806466950654587067157675944058232373385832810369397235974426385513198730424049923968733
1.0553787820653211660460442615704580001599865951025746117337704489784070739867733354766054491383674525
1.1044661672776616853970230644342002327255673669678106401865039582332167053349953510801684932843380317
1.1535535524900022047480018672979424652911481388330466686392374674880263366832173666837315374303086109
1.2026409377023427240989806701616846978567289106982826970919709767428359680314393822872945815762791901
1.2517283229146832434499594730254269304223096825635187255447044859976455993796613978908576257222497693
1.3008157081270237628009382758891691629878904544287547539974379952524552307278834134944206698682203485
1.3499030933393642821519170787529113955534712262939907824501715045072648620761054290979837140141909276
1.3989904785517048015028958816166536281190519981592268109029050137620744934243274447015467581601615068
1.4480778637640453208538746844803958606846327700244628393556385230168841247725494603051098023061320860
1.4971652489763858402048534873441380932502135418896988678083720322716937561207714759086728464521026652
1.5462526341887263595558322902078803258157943137549348962611055415265033874689934915122358905980732444
1.5953400194010668789068110930716225583813750856201709247138390507813130188172155071157989347440438236
1.6444274046134073982577898959353647909469558574854069531665725600361226501654375227193619788900144028
1.6935147898257479176087686987991070235125366293506429816193060692909322815136595383229250230359849820
1.7426021750380884369597475016628492560781174012158790100720395785457419128618815539264880671819555611
1.7916895602504289563107263045265914886436981730811150385247730878005515442101035695300511113279261403
1.8407769454627694756617051073903337212092789449463510669775065970553611755583255851336141554738967195
1.8898643306751099950126839102540759537748597168115870954302401063101708069065476007371771996198672987
1.9389517158874505143636627131178181863404404886768231238829736155649804382547696163407402437658378779
1.9880391010997910337146415159815604189060212605420591523357071248197900696029916319443032879118084571
2.0371264863121315530656203188453026514716020324072951807884406340745997009512136475478663320577790363
2.0862138715244720724165991217090448840371828042725312092411741433294093322994356631514293762037496155
2.1353012567368125917675779245727871166027635761377672376939076525842189636476576787549924203497201946
2.1843886419491531111185567274365293491683443480030032661466411618390285949958796943585554644956907738
2.2334760271614936304695355303002715817339251198682392945993746710938382263441017099621185086416613530
2.2825634123738341498205143331640138142995058917334753230521081803486478576923237255656815527876319322
2.3316507975861746691714931360277560468650866635987113515048416896034574890405457411692445969336025114
2.3807381827985151885224719388914982794306674354639473799575751988582671203887677567728076410795730906
2.4298255680108557078734507417552405119962482073291834084103087081130767517369897723763706852255436698
2.4789129532231962272244295446189827445618289791944194368630422173678863830852117879799337293715142490
2.5280003384355367465754083474827249771274097510596554653157757266226960144334338035834967735174848281
2.5770877236478772659263871503464672096929905229248914937685092358775056457816558191870598176634554073
2.6261751088602177852773659532102094422585712947901275222212427451323152771298778347906228618094259865
2.6752624940725583046283447560739516748241520666553635506739762543871249084780998503941859059553965657
2.7243498792848988239793235589376939073897328385205995791267097636419345398263218659977489501013671449
2.7734372644972393433303023618014361399553136103858356075794432728967441711745438816013119942473377241
2.8225246497095798626812811646651783725208943822510716360321767821515538025227658972048750383933083033
2.8716120349219203820322599675289206050864751541163076644849102914063634338709879128084380825392788825
2.9206994201342609013832387703926628376520559259815436929376438006611730652192099284120011266852494616
2.9697868053466014207342175732564050702176366978467797213903773099159826965674319440155641708312200408
3.0188741905589419400851963761201473027832174697120157498431108191707923279156539596191272149771906200
3.0679615757712824594361751789838895353487982415772517782958443284256019592638759752226902591231611992
3.1170489609836229787871539818476317679143790134424878067485778376804115906120979908262533032691317784