0.9996988186962042201157656496661721968500610812577296246441237879263816687547147750419016055276630733
0.9972904566786902161355971401825678211716886791662213732075785240505426808841642150637983837742537778
0.9924795345987099981567672516611178200108206546341595464907092780513666698265584048621348108183070855
0.9852776423889412447740184331785477871601291558128148744442534259035894601318364005524044913961710173
0.9757021300385285444603957664195279716440122657920431654131848601497388340819490924121720223405848031
0.9637760657954398666864643555078351536630838488266327043089160414011547947386650792172514930553151596
0.9495281805930366671959360741893450282522241538324108524439709653973932083707234524215787997564023190
0.9329927988347388877116602555433024982950155205122950488923147712766684426703203108827359068660545815
0.9142097557035306546350148293935774010446911156821770013565662410591304975518946726379074291674786933
0.8932243011955153203424164474933979780006255889988727896079334615180005880405975123811164719357263991
0.8700869911087114186522924044838488439108277895298254871093938228539361812818416287793461042575249436
0.8448535652497070732595712051049570977197859813891086266626210143385371786920747277456118093123217802
0.8175848131515836965049208841306338094710425175669140941589457011734569854789100989156894233606203180
0.7883464276266062620091647053596892826564931371496486506948917380682596142739840278122197078706868444
0.7572088465064845475754640536057844730404337157316168500555117689736318985200425229373510021761200011
0.7242470829514669209410692432905531674830930048004368801650713787740884271114355639629308132763842398
0.6895405447370669246167306299574847028455368442791232258618203924978160457288778645751098290599853791
0.6531728429537767640842030136563054150768600237141605475133036582798174067452799172122116779246648060
0.6152315905806268454849135634139842776594300077644242274544609298006215692903192269110107483029334542
0.5758081914178453007459724538157308417760084553140966022029889262442367885227670337478439943268291259
0.5349976198870972106630769046370179155602656921719002684556738510206831412598337502398630470672918218
0.4928981922297840368730266887588092682396873065483635811114318744863825867427922036946116984077256091
0.4496113296546066000462945794242270758831870483778572623655778812241904757362305784403432955948240634
0.4052413140049898709084813055050524665119477541050890138058289893394311023351135448467297414812047645
0.3598950365349881487751045723267564202023174211290258497630100778756401389522703121629916592490241555
0.3136817403988914766564788459941003099933775094565467851932847388033398137344679026583246149717961566
0.2667127574748983863252865151164363940421169883561562081989024345080212831231418753245630552591635425
0.2191012401568697972277375474973577988483607967055921085026246329098112435823550704068816745768548329
0.1709618887603012263636423572082635319663290591445910012596894557734102929076287581584670239143184041
0.1224106751992161984987044741509457875752236090851072485773187024063510194872256293642941583891435347
0.0735645635996674235294656215752343218132992656778872442091692001525149465249903079306352217560656216
0.0245412285229122880317345294592829250654661192394514775767567737884929481373947340741505810955139589
-0.0245412285229122880317345294592829250654661192394514775767567737884929481373947340741505810955139589
-0.0735645635996674235294656215752343218132992656778872442091692001525149465249903079306352217560656216
-0.1224106751992161984987044741509457875752236090851072485773187024063510194872256293642941583891435347
-0.1709618887603012263636423572082635319663290591445910012596894557734102929076287581584670239143184041
-0.2191012401568697972277375474973577988483607967055921085026246329098112435823550704068816745768548329
-0.2667127574748983863252865151164363940421169883561562081989024345080212831231418753245630552591635425
-0.3136817403988914766564788459941003099933775094565467851932847388033398137344679026583246149717961566
-0.3598950365349881487751045723267564202023174211290258497630100778756401389522703121629916592490241555
-0.4052413140049898709084813055050524665119477541050890138058289893394311023351135448467297414812047645
-0.4496113296546066000462945794242270758831870483778572623655778812241904757362305784403432955948240634
-0.4928981922297840368730266887588092682396873065483635811114318744863825867427922036946116984077256091
-0.5349976198870972106630769046370179155602656921719002684556738510206831412598337502398630470672918218
-0.5758081914178453007459724538157308417760084553140966022029889262442367885227670337478439943268291259
-0.6152315905806268454849135634139842776594300077644242274544609298006215692903192269110107483029334542
-0.6531728429537767640842030136563054150768600237141605475133036582798174067452799172122116779246648060
-0.6895405447370669246167306299574847028455368442791232258618203924978160457288778645751098290599853791
-0.7242470829514669209410692432905531674830930048004368801650713787740884271114355639629308132763842398
-0.7572088465064845475754640536057844730404337157316168500555117689736318985200425229373510021761200011
-0.7883464276266062620091647053596892826564931371496486506948917380682596142739840278122197078706868444
-0.8175848131515836965049208841306338094710425175669140941589457011734569854789100989156894233606203180
-0.8448535652497070732595712051049570977197859813891086266626210143385371786920747277456118093123217802
-0.8700869911087114186522924044838488439108277895298254871093938228539361812818416287793461042575249436
-0.8932243011955153203424164474933979780006255889988727896079334615180005880405975123811164719357263991
-0.9142097557035306546350148293935774010446911156821770013565662410591304975518946726379074291674786933
-0.9329927988347388877116602555433024982950155205122950488923147712766684426703203108827359068660545815
-0.9495281805930366671959360741893450282522241538324108524439709653973932083707234524215787997564023190
-0.9637760657954398666864643555078351536630838488266327043089160414011547947386650792172514930553151596
-0.9757021300385285444603957664195279716440122657920431654131848601497388340819490924121720223405848031
-0.9852776423889412447740184331785477871601291558128148744442534259035894601318364005524044913961710173
-0.9924795345987099981567672516611178200108206546341595464907092780513666698265584048621348108183070855
-0.9972904566786902161355971401825678211716886791662213732075785240505426808841642150637983837742537778
-0.9996988186962042201157656496661721968500610812577296246441237879263816687547147750419016055276630733