2.8209479177387813964017482248891610652208328247070312500000000000000000000000000000000000000000000000e-01
6.9098829894267099760440942191053181886672973632812500000000000000000000000000000000000000000000000000e-01
4.8860251190291992262615394793101586401462554931640625000000000000000000000000000000000000000000000000e-01
3.4549414947133544329105347969743888825178146362304687500000000000000000000000000000000000000000000000e-01
3.0901936161855174667323353787651285529136657714843750000000000000000000000000000000000000000000000000e+00
1.5450968080927587333661676893825642764568328857421875000000000000000000000000000000000000000000000000e+00
6.3078313050504009051877574165700934827327728271484375000000000000000000000000000000000000000000000000e-01
2.5751613468212641855359379405854269862174987792968750000000000000000000000000000000000000000000000000e-01
1.2875806734106320927679689702927134931087493896484375000000000000000000000000000000000000000000000000e-01
2.0026743534373636634882132057100534439086914062500000000000000000000000000000000000000000000000000000e+01
8.1758838114662601981308398535475134849548339843750000000000000000000000000000000000000000000000000000e+00
2.5854414729132049188820019480772316455841064453125000000000000000000000000000000000000000000000000000e+00
7.4635266518023080095645127585157752037048339843750000000000000000000000000000000000000000000000000000e-01
2.1545345607610047466984326547390082851052284240722656250000000000000000000000000000000000000000000000e-01
6.8132365095552149814039921693620271980762481689453125000000000000000000000000000000000000000000000000e-02
2.7814921575518940927151945174955471884459257125854492187500000000000000000000000000000000000000000000e-02
1.6993255389887335127241385634988546371459960937500000000000000000000000000000000000000000000000000000e+02
6.0080230603120917010073753772303462028503417968750000000000000000000000000000000000000000000000000000e+01
1.6057117045374941000090984744019806385040283203125000000000000000000000000000000000000000000000000000e+01
3.7846987830302403210680495249107480049133300781250000000000000000000000000000000000000000000000000000e+00
8.4628437532163447443167569872457534074783325195312500000000000000000000000000000000000000000000000000e-01
1.8923493915151201605340247624553740024566650390625000000000000000000000000000000000000000000000000000e-01
4.4603102903819288882480975644284626469016075134277343750000000000000000000000000000000000000000000000e-02
1.1920680675222401767587854237717692740261554718017578125000000000000000000000000000000000000000000000e-02
4.2145970709045960447824974437480705091729760169982910156250000000000000000000000000000000000000000000e-03
1.7822676612128957458480726927518844604492187500000000000000000000000000000000000000000000000000000000e+03
5.6360252094940858569316333159804344177246093750000000000000000000000000000000000000000000000000000000e+02
1.3284238815238666120421839877963066101074218750000000000000000000000000000000000000000000000000000000e+02
2.7116338932174389952933779568411409854888916015625000000000000000000000000000000000000000000000000000e+01
5.1245063772194425766315362125169485807418823242187500000000000000000000000000000000000000000000000000e+00
9.3560257962738879733421981654828414320945739746093750000000000000000000000000000000000000000000000000e-01
1.7081687924064808958846128916775342077016830444335937500000000000000000000000000000000000000000000000e-01
3.2281355871636177590211502774764085188508033752441406250000000000000000000000000000000000000000000000e-02
6.5894041742255281962625801384092483203858137130737304687500000000000000000000000000000000000000000000e-03
1.5531374585246041433728159120164491469040513038635253906250000000000000000000000000000000000000000000e-03
4.9114518882630486731194485727769460936542600393295288085937500000000000000000000000000000000000000000e-04
2.2260515953769452607957646250724792480468750000000000000000000000000000000000000000000000000000000000e+04
6.4260574391043764990172348916530609130859375000000000000000000000000000000000000000000000000000000000e+03
1.3700400493593524515745230019092559814453125000000000000000000000000000000000000000000000000000000000e+03
2.5013394657320287706170347519218921661376953125000000000000000000000000000000000000000000000000000000e+02
4.1688991095533815212093031732365489006042480468750000000000000000000000000000000000000000000000000000e+01
6.5916082608182522406536918424535542726516723632812500000000000000000000000000000000000000000000000000e+00
1.0171072362820547940742699211114086210727691650390625000000000000000000000000000000000000000000000000e+00
1.5694305382900600176476757496857317164540290832519531250000000000000000000000000000000000000000000000e-01
2.4814875652103454695129869378433795645833015441894531250000000000000000000000000000000000000000000000e-02
4.1358126086839088267343989002711168723180890083312988281250000000000000000000000000000000000000000000e-03
7.5509261979682124749091443050019734073430299758911132812500000000000000000000000000000000000000000000e-04
1.6098628745551683458768488232948357108398340642452239990234375000000000000000000000000000000000000000e-04
4.6472738199140566756582815255427476586191914975643157958984375000000000000000000000000000000000000000e-05
3.2258552325063373427838087081909179687500000000000000000000000000000000000000000000000000000000000000e+05
8.6214607566933613270521163940429687500000000000000000000000000000000000000000000000000000000000000000e+04
1.6908075628482256433926522731781005859375000000000000000000000000000000000000000000000000000000000000e+04
2.8180126047470430421526543796062469482421875000000000000000000000000000000000000000000000000000000000e+03
4.2483138474718344923530821688473224639892578125000000000000000000000000000000000000000000000000000000e+02
6.0080230603120924115501111373305320739746093750000000000000000000000000000000000000000000000000000000e+01
8.1758838114662601981308398535475134849548339843750000000000000000000000000000000000000000000000000000e+00
1.0925484305920791783250933804083615541458129882812500000000000000000000000000000000000000000000000000e+00
1.4599792520475460277928902996791293844580650329589843750000000000000000000000000000000000000000000000e-01
1.9867801125370673082093375683143676724284887313842773437500000000000000000000000000000000000000000000e-02
2.8097313806030640298549982958320470061153173446655273437500000000000000000000000000000000000000000000e-03
4.2358294323398298268992800963417266757460311055183410644531250000000000000000000000000000000000000000e-04
7.0597157205663853035866595053704486417700536549091339111328125000000000000000000000000000000000000000e-05
1.3845241622917592080725147918318640449797385372221469879150390625000000000000000000000000000000000000e-05
3.7002964707185457456377515594869720416681957431137561798095703125000000000000000000000000000000000000e-06
