0.0000000000000000000000000000000000000000000000000000000000000000000000000000000000000000000000000000
0.3926990816987241548078304229099378605246461749218882276218680740384770507857761248285043531677646335
0.7853981633974483096156608458198757210492923498437764552437361480769541015715522496570087063355292670
1.1780972450961724644234912687298135815739385247656646828656042221154311523573283744855130595032939005
1.5707963267948966192313216916397514420985846996875529104874722961539082031431044993140174126710585340
1.9634954084936207740391521145496893026232308746094411381093403701923852539288806241425217658388231675
2.3561944901923449288469825374596271631478770495313293657312084442308623047146567489710261190065878010
2.7488935718910690836548129603695650236725232244532175933530765182693393555004328737995304721743524345
3.1415926535897932384626433832795028841971693993751058209749445923078164062862089986280348253421170680
3.5342917352885173932704738061894407447218155742969940485968126663462934570719851234565391785098817015
3.9269908169872415480783042290993786052464617492188822762186807403847705078577612482850435316776463350
4.3196898986859657028861346520093164657711079241407705038405488144232475586435373731135478848454109685
4.7123889803846898576939650749192543262957540990626587314624168884617246094293134979420522380131756020
5.1050880620834140125017954978291921868204002739845469590842849625002016602150896227705565911809402355
5.4977871437821381673096259207391300473450464489064351867061530365386787110008657475990609443487048690
5.8904862254808623221174563436490679078696926238283234143280211105771557617866418724275652975164695025