0.9951847266721968862448369531094799215754748687298570618336129657848901668945865379725290842696483903
0.9569403357322088649357978869802699694828492056300372613012071998841601453681608249571934246962711820
0.8819212643483550297127568636603883495084426206747279806325386167120666470450034970776205819055333734
0.7730104533627369608109066097584698009710412929008096093564028966879506053059873020379548140068698394
0.6343932841636454982151716132254933706756870948417216064338247186966867261235483941717674035365368535
0.4713967368259976485563876259052543776574603189324806214016140310088352216651617529075631968879121177
0.2902846772544623676361923758173952746914762783241511114206671131253928982994574468532436606893438468
0.0980171403295606019941955638886418458611366731675005672572649798093873027890875368071110771463185596
-0.0980171403295606019941955638886418458611366731675005672572649798093873027890875368071110771463185596
-0.2902846772544623676361923758173952746914762783241511114206671131253928982994574468532436606893438468
-0.4713967368259976485563876259052543776574603189324806214016140310088352216651617529075631968879121177
-0.6343932841636454982151716132254933706756870948417216064338247186966867261235483941717674035365368535
-0.7730104533627369608109066097584698009710412929008096093564028966879506053059873020379548140068698394
-0.8819212643483550297127568636603883495084426206747279806325386167120666470450034970776205819055333734
-0.9569403357322088649357978869802699694828492056300372613012071998841601453681608249571934246962711820
-0.9951847266721968862448369531094799215754748687298570618336129657848901668945865379725290842696483903