0.0981747704246810387019576057274844651311615437304720569054670185096192626964440312071260882919411584
0.2945243112740431161058728171824533953934846311914161707164010555288577880893320936213782648758234751
0.4908738521234051935097880286374223256558077186523602845273350925480963134822201560356304414597057919
0.6872233929727672709137032400923912559181308061133043983382691295673348388751082184498826180435881086
0.8835729338221293483176184515473601861804538935742485121492031665865733642679962808641347946274704254
1.0799224746714914257215336630023291164427769810351926259601372036058118896608843432783869712113527421
1.2762720155208535031254488744572980467051000684961367397710712406250504150537724056926391477952350589
1.4726215563702155805293640859122669769674231559570808535820052776442889404466604681068913243791173756
1.6689710972195776579332792973672359072297462434180249673929393146635274658395485305211435009629996924
1.8653206380689397353371945088222048374920693308789690812038733516827659912324365929353956775468820091
2.0616701789183018127411097202771737677543924183399131950148073887020045166253246553496478541307643259
2.2580197197676638901450249317321426980167155058008573088257414257212430420182127177639000307146466426
2.4543692606170259675489401431871116282790385932618014226366754627404815674111007801781522072985289594
2.6507188014663880449528553546420805585413616807227455364476094997597200928039888425924043838824112761
2.8470683423157501223567705660970494888036847681836896502585435367789586181968769050066565604662935929
3.0434178831651121997606857775520184190660078556446337640694775737981971435897649674209087370501759096