0.0168027552304789408226497309682111423241911739372631845325414810260506713967464832767235305771782771
0.0583364640693756828609010881495278616883205687097846798098152138700760761937620685055940470952433766
0.0917183132052952303704207652479133629261903526377772015989196641064250412622431779010175763001097029
0.1251296181583836507891004586298329379802701244063837564709892680977919401054431188204284867891106846
0.1513924616371321215141606723927352028263552831771908019449794596292192350213527005811289571360338628
0.1734194117719463140436850328016844453724433933878033240805132422069042857848153787554547442840522553
0.1877497281150740032710382624057132036524875255454042236629477507530289815088786370510319460850997572
0.1954512478123140563280439894043818432297415781983928278992939203105037687267584351086207117331720836
0.1954512478123140563280439894043818432297415781983928278992939203105037687267584351086207117331720836
0.1877497281150740032710382624057132036524875255454042236629477507530289815088786370510319460850997572
0.1734194117719463140436850328016844453724433933878033240805132422069042857848153787554547442840522553
0.1513924616371321215141606723927352028263552831771908019449794596292192350213527005811289571360338628
0.1251296181583836507891004586298329379802701244063837564709892680977919401054431188204284867891106846
0.0917183132052952303704207652479133629261903526377772015989196641064250412622431779010175763001097029
0.0583364640693756828609010881495278616883205687097846798098152138700760761937620685055940470952433766
0.0168027552304789408226497309682111423241911739372631845325414810260506713967464832767235305771782771