0.0023395197416779792034027899890858058302836718895402869468254615241535358440127755159744402746868859
0.0054435476445408688887202395812335721503230003638162587265277581126750593193876914724813022488741892
0.0085457606834367151346470202228972569473166373801028332437629339496791135805083932795092492351502662
0.0116364805041830414647206367584042954026280188490985955070251594006770629126235637287139478589299331
0.0147075269963779022072482032788938738791061488070668800128205727464040120482668345775196804483604351
0.0177477992180828902480577138279230004856077599860869631812661299123221641816624201088454968026661849
0.0207423274360922039333795728134350144281998971073945141525053122626879615988352295510297854949050034
0.0236716276558239351177894884794838714566785380173245231229717086595332472675875350583558465119804878
0.0265112403683890898579769622005008037864763911777746105154464881522396082662886678915832834575561283
0.0292314908722582582933989866646712682770514629730155309791148134171464645120722404807395231146736385
0.0317975320937887510137659272465543943463996329348750032080352140703572998581794358834925645371626521
0.0341697366104363372651944363750292850713197579475142263680369880174411674831967169179985875395251605
0.0363045013874888766788261410473252198914047452399315429608245559495618160108648135431169210146412788
0.0381555157813717537673683246489614031242814236762698514443435760189815997792805648656313987371092481
0.0396755188697564345590252455506417621951466663248284155657781337859974647057311370234617685160092026
0.0408185350351735023304824757331782136293483879489204165387559573345565131461402127049316912474464661
0.0415425273489800928430304998923530912670780002971436378192297390143934906485366678373001040928922011
0.0418123492481192230649802290104348433159284851507532067280037275328722241522199314588045799154374212
0.0416028114995904916697320195274330598696965141555290414876649542117193577502818929917166850673480519
0.0409016215101570896065335064652917208488932464976957964881769513466501852070571134678712406469225358
0.0397119059794205328448375826579750211998670662840410335989913861504371875259010587568090104826495378
0.0380540071703839949288314335127787517371862608083619328740599735036479699762553767860648101754721251
0.0359662583660044377860076536039191844260995080033494628329607334641133020476425436151543031821471517
0.0335045028285650571201167638360074644260358970664026802475488720730944983713433000301545324600153918
0.0307402243561798657864283039572968438425969125453818414633457765026777518807873687137966931547566132
0.0277572999340227023730625179096483614882166910185962262298270399988822462559099031199567832521437973
0.0246475507400319885500424909932297619998498331254551432238818561688791495717801729630584286239567983
0.0215054337485954158940871298357274364158541580958514080452623263970980659371799244778271081449411610
0.0184223545510279270622573539361779020896358345002627818490129811321373373243358979181798574564804228
0.0154811653655924693008685360893177510130960556250719496391726605800291114126103915993507718239624026
0.0127514196806976185650879385973025415849624339726371111240248107639940275260081711885028097386288138
0.0102858779539859307418842947065720030354502508920537988016584357189431642361183795197520430542306636
0.0081186045234779373306450967860021795367503486071531778645180293244827571383882195737131446773137103
0.0062647876079240285795609302430538164922432272671106547074330808237291182271271602322959130453351269
0.0047221873139259486996210239282567918088245815467541443855742203674465763573776702129476241382404638
0.0034739110542988568711684524613081214499198307744974120518512985976251876636772836345821010260330838
0.0024920676540560653152205602538134590697998854576776241247416931933590730693019610107429878261518870
0.0017417841842318087096276639363234539391136899747165672212745790800365379005230370242681624518191405
0.0011850891474927990227418482276695895500574395572050681332356803265596086068434268218523471292755023
0.0007842598281803390155379922798290172814774215130547035673835362092727442784634773311335368212871907
0.0005043741577914957556285933367237564078398646878742470155070194272231835718680130308563555809107748
0.0003149654438750011877435616721244661463612640611058601220144044399196151148396397802492659124540054
0.0001908206191983295602843731070501281853789433156305347979678868191006577334108625650916288482592266
0.0001120667824673370463176046158263801933719250853556772884466870189553117735958043403916691682869396
0.0000637465109303021527176961404767396083984782852219098248905928431097567207742569418276307352321927
0.0000350916919444205318969093625661771330540140911003492563386421877915985437093304696302818758717605
0.0000186793901346626265188256528477940843908258730781623894987035431985323209507014703931570141736676
0.0000096067221677915882669981362058614809470619846832502360724837983285045156936593014004882831283166
0.0000047696548207839802545026618644579949812411123690308749591519854640911381239922648494566693914742
0.0000022842522011181452654791699596880141745152412355650403419529957696579482115650930790624772626907
0.0000010543715539006046180583484016204868059915038601254589877920177558895557774060340767504179486896
0.0000004686878180788661723223255463735025741684040045770277810127084292300720294244490064626701551696
0.0000002004759301674424931072318552487025967609030640789894106308545583419289850465012563931068593463
0.0000000824475417530273647646339192262699074782184784850698041377774911189453101300869258137004547760
0.0000000325745295826623741590217091595124591724771367563377196813418412695460605422216050343944665900
0.0000000123540971215622640044724851360654687236728797535273073391242980354912472272202479013714961289
0.0000000044938930728342140699219639927911676702736637848080125333861654877374947238049763480008955801
0.0000000015666008475209178370371622064960683151719889495968103923752405043734373731508354732967956969
0.0000000005229510798689776703867950635128765367807516045852930491927378374900039221278588956622062657
0.0000000001670212512899293152097956286534486122190908004550669205318173695265815837544910193876855372
0.0000000000509951002220013653241264139614984977734926363886909216146805229789362279998228024576165362
0.0000000000148718843584884676442330554621198249729267815786711995999384265836627340092066877831778487
0.0000000000041391897360758752390584175624477772499707129733146871353411946465030805846215761418974490
0.0000000000010985074553594939298894269204713198543487285777745434759452787848360253151769463402154622
0.0000000000002777477770349719680895677176887080411973922630493677246589301457189747992227496564034826
0.0000000000000668457879183354513148838990217641551042508725864318488839258040029428175161488813777676
0.0000000000000152997057803716364191657856098698696997332680342392078952478056369629868278289185564054
0.0000000000000033272118237465307027753063466279819485533525543644411722972056527984769460134888092383
0.0000000000000006868489760990196005180465897212975172080520553049101800008006291114221913777279428100
0.0000000000000001344658978717484407111313438688867301162328828756012069065891114542895079290641143365
0.0000000000000000249408114803754394869267390181182950647532942524212991208118898000998911961793197357
0.0000000000000000043784849435175855366312459486874005400611779716023394100614873264038635742364091886
0.0000000000000000007267889851130418214945872030762264703326964055259919392058059177271739127896255773
0.0000000000000000001139484406765655879256337363830088963733358620900587707384144028892644501352360491
0.0000000000000000000168560342361503377277100047711465306804438058918056213917192575535508836280534085
0.0000000000000000000023499937633554208628551762746492638516077135390989214232997984372838216222571372
0.0000000000000000000003084213083254515441334575792391201346693431118509650042653831896642443338017110
0.0000000000000000000000380604552210469929915997687424913419473665427012506595684860863168117531726801
0.0000000000000000000000044108598305743761906578812500397011817486909239277655555917545766644502099095
0.0000000000000000000000004794470625747053125047588320956962076599094555690764575974061735354728193626
0.0000000000000000000000000488150569210634065931491519274089489982601470879744287860363116401125381034
0.0000000000000000000000000046490877595912982828028294126475867592334142628569810856930515350790813521
0.0000000000000000000000000004135835049060320955863210873557689130909497240878617252234107685801428286
0.0000000000000000000000000000343158344929279142136217649506686893347111810517909945024524699652364612
0.0000000000000000000000000000026514758287619889682296164319538229698162954215386626606368645303353224
0.0000000000000000000000000000001904748004597263302335915488863587324852257224670940789372120677258094
0.0000000000000000000000000000000127000570322012155102498707062682303759655359706894275728035093609506
0.0000000000000000000000000000000007845440936136334042479960225117962463863824194963589717049698528497
0.0000000000000000000000000000000000448186145025582511800884653009107154591282417031668747430272638966
0.0000000000000000000000000000000000023630443088971678657321644496623289428211830213464684544061830019
0.0000000000000000000000000000000000001147503411928911032728739706886892218028203805264679408515815524
0.0000000000000000000000000000000000000051209460035350890552109365366155622302428450071928642318720304
0.0000000000000000000000000000000000000002095319648222816366964054874716796010013441417325279741167511
0.0000000000000000000000000000000000000000078412111754176623310298178869610433574776427861825214349459
0.0000000000000000000000000000000000000000002676768997125215075476751033209770338217622995993254765624
0.0000000000000000000000000000000000000000000083123185805384458959569068443470914275775628854623508860
0.0000000000000000000000000000000000000000000002341125706399201904245056173107931460792094245550889608
0.0000000000000000000000000000000000000000000000059612431894423015568925813864632570097825661701205468
0.0000000000000000000000000000000000000000000000001367658485863342155701482253660124709287701322841554
0.0000000000000000000000000000000000000000000000000028168012412709362595361428074979620750524647920683
0.0000000000000000000000000000000000000000000000000000518750562214147527228339528357795658496790644024
0.0000000000000000000000000000000000000000000000000000008506157151952680650475194233219927036915301258
0.0000000000000000000000000000000000000000000000000000000123616024134845274201605466413268407594895889
0.0000000000000000000000000000000000000000000000000000000001584172533618555534375125666246052924949327
0.0000000000000000000000000000000000000000000000000000000000017804868546568620390593975637289988401985
0.0000000000000000000000000000000000000000000000000000000000000174453995781970108477863621877849113713
0.0000000000000000000000000000000000000000000000000000000000000001480364383145560138034425573713367944
0.0000000000000000000000000000000000000000000000000000000000000000010800527818347664877801550533701115
0.0000000000000000000000000000000000000000000000000000000000000000000067206198425177911613773441912992
0.0000000000000000000000000000000000000000000000000000000000000000000000353475972644615453903593626035
0.0000000000000000000000000000000000000000000000000000000000000000000000001555690474996534420703300371
0.0000000000000000000000000000000000000000000000000000000000000000000000000005664561296066581377502995
0.0000000000000000000000000000000000000000000000000000000000000000000000000000016845598734116924434861
0.0000000000000000000000000000000000000000000000000000000000000000000000000000000040315365610398377018
0.0000000000000000000000000000000000000000000000000000000000000000000000000000000000076333183284542965
0.0000000000000000000000000000000000000000000000000000000000000000000000000000000000000112092864698852
0.0000000000000000000000000000000000000000000000000000000000000000000000000000000000000000124702615019
0.0000000000000000000000000000000000000000000000000000000000000000000000000000000000000000000102194161
0.0000000000000000000000000000000000000000000000000000000000000000000000000000000000000000000000059627
0.0000000000000000000000000000000000000000000000000000000000000000000000000000000000000000000000000024
0.0000000000000000000000000000000000000000000000000000000000000000000000000000000000000000000000000000
0.0000000000000000000000000000000000000000000000000000000000000000000000000000000000000000000000000000
0.0000000000000000000000000000000000000000000000000000000000000000000000000000000000000000000000000000
0.0000000000000000000000000000000000000000000000000000000000000000000000000000000000000000000000000000
0.0000000000000000000000000000000000000000000000000000000000000000000000000000000000000000000000000000
0.0000000000000000000000000000000000000000000000000000000000000000000000000000000000000000000000000000
0.0000000000000000000000000000000000000000000000000000000000000000000000000000000000000000000000000000
0.0000000000000000000000000000000000000000000000000000000000000000000000000000000000000000000000000000