0.0009116689375364565152408811300088294881621276130920829227447194476601657134970908036994869924426008
0.0048025200009556125000682285061599962103091706587158291751099919595006867770135392247596920590625945
0.0117983474367707977471410946601545810834972508833544275020516926801259907897201325924266541657733607
0.0218936821955431371032480606794772782174585569212098430925062269728457238729965291593520943395976959
0.0350786198464972260090609395241546823821569057753469273126671382327461188513574130889778989239542747
0.0513400955864541804109093761726625624373350928070929044517603014461392855109706912664151606905765033
0.0706620700831586648317751724529382404392511746393985540241087569350365187421537995984544632048660697
0.0930256370926246222785952185438806657534220807384038836571253342401330611118510428950601225694539579
0.1184091294634287550199614409916653902460779311016872538787068298425880248147399939209249217833981798
0.1467882342886014682130242441895098650984200655271737272826316147818657896131601257745072011959174553
0.1781361185828990941477333513471181701729669601647722489638327783073541072566440101222951815111834473
0.2124235648733377186052060159997260967879494616722169203221150641404796811604636028291353348563771314
0.2496191155280249724236006574270638993977596801398211411247638776281090243156045146042979209331440517
0.2896892244521509073433947861064765942252972212184886984695243149385156549246582633069650291554047003
0.3325984147079959939152951026510938345965793311378350667798139151754283939315668867438603864838285209
0.3783094406007385051738693848206006918533519790615461306452142946952687215233610381806784921482175552
0.4267834527913066906373918971759376443857668228642002129661259921476915547379851240323158471238666789
0.4779801650421786065695198911249453933463840078492997683569490584383200105229545538829397638049188453
0.5318580212666803036981644071077302387411609315916120365640153935849105341022735335074482907321954459
0.5883743616331625008546765720273197194846874956743600595700978477233628930249187368209636059953347223
0.6474855865691448920322431721232049609206175707181668635000814539447053743367279023159333433981965048
0.7091473176140344315909187374240661035080634035319215958969461874642192772331622536755592199184933526
0.7733145541794458490348441895869378103448293175941995166296755941618285401953370236206365519980335588
0.8399418253907553910338989845468438712215086956838803501753503163919505381569289436446997601396699451
0.9089833362997916637605575482341544209964817018620355411930454003637651522423534764491286482094076907
0.9803931078742475711662413717075469536836552634182166415157675456273482768729500001867913185135872787
1.0541251102824971075039239820329790701337615419573795498728501469816765310877131093974962646815332699
1.1301333891013250810567870171821514791464685858861509104690964114850097516147109540733385383421285591
1.2083721841772307278535490836171501446398481408902404068789270018376833459447968465766867156758071315
1.2887960409683473644359503208931505419985239828121339392450702408798293798673935457280831513124921042
1.3713599142828133157094427964028246124765682766827705657908352986620879028652126659552720843547220775
1.4560192644100829942390565472317775272526608576791421217710432221448452672489818301897999072321405516
1.5427301457138710115178448489452426274574287891337746194054551476708523560069865333318849852960281109
1.6314492878190801613169240560797053855867467055019553462343696826844842554684743599077738205786087042
1.7221341695802641112349277491222890651682209558898728697149195950143932800366571663685861608532388193
1.8147430860661603734162844877416414649267909663913608564674288096943448662115610891133736526527941954
1.9092352088339665972726074691407071502727623781554033127565650908898067597033152161617500489748785951
2.0055706397987888332360199439120835481617697764458174730156230820467246951297558237456725254122394645
2.1037104590286011472149324023039949847014454632489234700519841010702986143965621541682675146845463784
2.2036167668137071402488438467196028774788136517144217900646723043977474566378509208059008990162366034
2.3052527203726987447665501676270627037693131939253992603489971408115763317586760613284486301662355054
2.4085825655648896761606008734004390802543412656311156061549721145759337879234793068745929346510939341
2.5135716639827793953526603081724842038806722469248568163159730082792523324383856131343549943210126092
2.6201865157978815691409489407517316381915252137808533393507202361998979048988075331906484750918521188
2.7283947787298066713489568807863159825961238631869054043746232687102313230611181101896192901442222996
2.8381652835023672589200890635600046782867439437594646915462202878662233892802807309868244166913132347
2.9494680461421853910274107682458353895778396973868941596898286248371077526547602722281016632232975348
3.0622742774652936321771423767989317549912486463205221790645222272996214392319164054809730409429417907
3.1765563900859619231858049020777609032490503385784051806624524080559050019537513253547673710395576291
3.2922880032698389226139539546664036871218481049681084698909615455451167094031561652728756364910120655
3.4094439459408145856685673654882618997397602199750964529867289166839390735925892241907325280795330259
3.5280002581380987098673536169972625200458168669197986535655380906809705283690338103710538669615632038
3.6479341912071399238304688743550498710054811293040526343214573339368289849646806800945690664214348720
3.7692242069954200694927502107234658236588069579410171671492277152978198215916615528485483782226180453
3.8918499763120592745348756062148919531359117430338923307705444232609538078742102182200510437264287173
4.0157923768987400439483871671322964820748096691197283846759241846826769783556370326628890475165396149
4.1410334911488644882478551865710565820443046533355529676333025726262925487929236780499299133401820546
4.2675566038022383317798171323888531865131613883646907252635188709743354528781747736193467340447290541
4.3953461998340541682486195516104602117076233769727682237218490409395319646841171557076385924692003382
4.5243879627496383537816704991153497365210011169611080012349131710552034599347183732279811554756148733
4.6546687734904366402498405510881335024254588380486246536326708046293226359806980097689638914895262056
4.7861767101521443699599693877829920648197048026767248775732284252063570494144342137480191888087752688
4.9189010487128381764800446629788825114526136620193461346344276638016313038765146600574703105683178359
5.0528322649675409555138027473881319184361528924880987932718391625482242497682966523862190319890759449
5.1879620378659603792729051295337419827516940775200519754568478687738944452900703685959498639526774105
5.3242832544523041119171566996123433056465146339170386289500231771901030588069746023120569044458920735
5.4617900166102277540216186124437697177794047691633919826346679544569392068644240167827688330618557443
5.6004776498222695312710170590048850054087008019189739255441844320457445084026366180608906276592276474
5.7403427141617485617477874213350162502724625088809929910355876942084356794828523506354989746461299895
5.8813830177462611721001545577293173746375654535304731375851409512152618567944713216255858399435052021
6.0235976328958489209077709479290409504921612303825215466407860432992513953701779714987251902626222291
6.1669869152559237029491465899870265510023311247153777388021114803673741150312523030596985539402539220
6.3115525261654635235297141177342350417230577211043268054735710204617451883502612903487255494932149871
6.4572974585752445616260496526539581029617580997283413155593233958622013204762753546680342530662668195
6.6042260668494339619609280798445499739900451650839018322550522946047046651618185102389073807319937042
6.7523441008173068366704401088539193146847536116039973275712294806105513182165641721394922083636735928
6.9016587444808519499175330802460382356362880410392947697603980425787834198584762519510819958773809578
7.0521786598294052258822817822833346877782598452688694513690258878719258839313093948420594820038301965
7.2039140362651667407017918237182513128783925268468608167857446021549478881135726659771752752259736858
7.3568766462046723274385263940035530139425945036416069392397687935038170109352057276659943532667859171
7.5110799074923913441880296883424121626135743638419311226277578490332441587925668710129927152919551777
7.6665389533452719346696405179446872933506462199883193394054496693946724184711936351343379080470928048
7.8232707106432585783244560777251766008304835130705266905549156713558675166526167597450453367282775402
7.9812939874929849602446535671189362714220227503572558011087515747064542089932126192411877191023143227
8.1406295711229323817077721359520777090746067019715112446764137678550320673799729149002399796395847305
8.3013003373219088427455439154181007241999637900076742499095566758805469359835151820460612385290914405
8.4633313728131037219636690577212132393919705717776690162004589516164546171727420048891302013036426350
8.6267501121685490359049895052928589841063194495440504053203050603746468279933259154193153946932169276
8.7915864911201467650775122719808046042400230036087744982706318254381450159565891154864897914366404566
8.9578731184216361223390705687233734536309911389836782822361409089340699876901509666312025682204975684
9.1256454687710829100539812787975930748791803877145035831829340424783617076772880131051714230704506115
9.2949420997283011756682571285681214462066169191384265738275243666274554951047986640626225233495696809
9.4658048960719209940549809055638790850281137084085977100577193185844893639788204125828334304220161921
9.6382793456566200464365498334266410888144475541244616566642998627329534664930220125073608617294139802
9.8124148515777815792249885789979146065233749397671990991181192083037706117147705412886218070108186054
9.9882650863610532156518919971238122567551367695702699571346741551699659643554528963202557906706172909
10.1658883950098212180692708784736781673379162341991736202420214788975560687269327490985923863395782001
10.3453482551187389245199538818431412063140427787533902044968660084200417827403744388039424254333075135
10.5267138039670012185196300775279600234831715357449933211101662980525506849962216238991053862884643959
10.7100604446342778780429352959669514473456429333223628021739427457800834403617833934012340970978057754
10.8954705458588505114978037223844659546782013948905723453987844876297968518543442144407208153106737610
11.0830342537472367878578229946825623985442672218561344265835464017433843049451038975690336074674979097
11.2728504377714211864065856327272653750160983836330378075279831209100683237946449564697902931002662242
11.4650277990596194955158425923944900046682179586849240941839787982909934414831255738039300948461153747
11.6596861762215415746169197790551224356824731870193428893635321390255679814019216929323941631598326510
11.8569580934391302775037292225779855476522930783263709429803176131679928659205491740015065709210100321
12.0569906081328014265240442584779142317704323891041954590494135562413278668585172754709012081833894308
12.2599475323769220562661112040008442393089609434555733160280286714348908687944747992143014088542707253
12.4660121251258562194195640697774730699562778963993064193310840038487051892702140669368147649943640784
12.6753903837938304939547804356909929157764589971261448206220013451185143985203330579282081589210719459
12.8883151076734589903628204035851221123595423378336216452778263181223045998505307456332195136991755237
13.1050509680027660008188565756809108624470528528751621442969338378929159797260229745643132898075274455
13.3259009094684301997993774271102136925377574669926173660474181175977903677587788503802507797262216663
13.5512143404064160325437009749425073739744636695930496385018410940772991309003505735412715623143457680
13.7813977683125443087900603966810138650132783187133159328131058072064020619121646013165694595274374035
14.0169288447201436556532095934325788470035894297455807168879510517164438777774115252129487337996114858
14.2583752709880367480961173251612613412959231423257312228846228468440139915941856807682789965584660032
14.5064208143422303161268189600540936601196396396700589784440291174799796833090877619759392487874562558
14.7619020375908865448682970106824960160868084792068080998441203192932300165812669523422428834866485537
15.0258617437572357743912318872936712187925543632293628644347904708336878980887507672312745555622510163
15.2996296011867983607992085884487259926765762792219329142199743857623826998513963996157194392434890726
15.5849492420770640451378952420238453255363483893409953440350148864180521377578995981089255902714974173
15.8841899195881670646618288471156532868291023686806950464900424520734161337669988729256002264945585606
16.2007247168519523690752535556264104913853755226240984353334839417247909076664372147060030505736039652
16.5396731721274550192510271144484879340713541863454470445337614042684006004415428093773201571754808053
16.9095678585723492001463604049773257812215452891936023759244392472937452735168731163941389273860485291
17.3269575068406375264139888005199658985120598687623671656166677478971056816522455266374292312312792073
17.8351230739679979442043914495557498305940412207347220837489612520805539064853021075285065666605067356