0.0000197227606852793706501709979360492593375003009852405352797443537635249224644109587295463249451789
0.0012134056090697632337272014598351729648176056779815000817114522861936232146795416102628719043073607
0.0106010848831359532847884693862377663404939733336896237702548127355660840623726681771426327575470058
0.0447164466928041973459452683411820640114618610893257459004064070129513874488088146207647016434884824
0.1284723524422709750893441033446735577237410584009960558423459613155010881702691374977334817702854642
0.2918161794241868108606142665936142340840138838574484650566027314185632031741297140856492818759494983
0.5673555302323046955909691748997730381383882994233014770301871945473810026447757659911148524813566931
0.9903869185496628898819690551067819081118785402129936596619109493560098149904455538042868316626112474
1.6015411121658103902555845121486905774265627908512007773477850209985104235488943904967868640859081060
2.4523571825313987113808847723335882499685667573278772612425677706852373254464651480889178152917017943
3.6154218566845189856995035762257940976786374317307535038427503853647196844075944426323638242538607301
5.2040070731305259408215111950953630148713978194525941242517352395116639146961421625838181848614832730
7.4154579849558768592312866625111996040651874672474707847089285911346585640919097696505707339378479514
10.6461355677376223999094086978767421048630109843073660280400340813912907222291173149015426668879144179
15.8916802086248829245144907426542254991957174242103594496020220767376344207289298153205930167024421772
27.1005282344628156327456317196202209386853690237303573725265073265066792688394525704740794360677882075