0.0505246320213778971050960926626212438433831072725559466071257970020382858884431564180210826996501102
0.1136085568941510287989618389193404139999845433416351508469429253468125965158560864719603970105758389
0.1629212923145449719376258165290469972531074849519639551245700543872856056562737209741899009578457147
0.1835628011162462455901930455898356589561629944065618393213942415567543696608321268784698051970200775
0.1654386377556098111210107053254031579595425806898445114443227568164763668020231426761361369328180933
0.1165724905535033077227428548256682131581394355695595420506667736251473054548318015271020248626858713
0.0619996960991565727842932189808898169558790802097017749702948752094631093912738383723956360176807993
0.0239197096186835482708874737410231373088329965740080156660198121470624692675806720026146856263204112
0.0064099144240501325855022005223923449412571876892255822598011077765867147014480852091326839709703193
0.0011356953106887782378710801109282773774179937436281461296362644678237184189362210616934162989688687
0.0001252862213295624217914694140229700199247899843744190992611881046512423771549094417474802532706337
0.0000079504957196224575167352636914285231221668389750804287603746945091363055942017622569678400614432
0.0000002590007619415064582026720670005149705887683074949345473904044384496852556197124162493681023672
0.0000000036115491397427821224290322007229230948689780411465539857721820550737477915978983050008339887
0.0000000000153767791618983900602952243864258752461375183254107964062121083892781988540787135398620144
0.0000000000000086742044524946243145054777008079057365457515955512090121087069865177273618427926057813