0.0197536584600772673725960826173196266835111613784920656816793509462623883263217432225197647174654575
0.1028022452379174509576267995373572290395288162849467252347701629792347247704896273279276681163937363
0.2473976694524550782909964167686940901419982513309861232215658488184158575695475129457253004825950969
0.4466962259616831871648352888356596163272205451823391074662405979085011118671223842756127385900891759
0.6930737203019995507014509481194966393295741361418806828767021396019908607990655979698475460749813225
0.9794041703307299063849700450442613102548550479563733156966435821632263003399477985143699206274371758
1.2997893212770360432317856558328871575464469871365131410249912992393849778873849080488974930077134471
1.6498542403974342978458152370538319714770704445867572786291922932753643409053733725909128831343343521
2.0268081521688666536384438797658483731440628286274456730034168149157248846317191062872903742808687549
2.4294504916021432279675400526510920363861296959111033459814348974194888398840245182072723054601148846
2.8582665285432659699013840179416912512368516586536263372467199550828309814782457814445114209944995044
3.3157692750386984908791197929964776804677157692933262280967344401617838315216225098542195757820324220
3.8073771167558980631438040099891370207151299552865931997232398930825651033304299041755991870997652577
4.3436063454701723830224970541667828437939401513654245732270519965777865313001073309995873815798873719
4.9463772040483858837941602379727922170331463805689486498394478462104731404147507440708360918628280395
5.6750179340419219889465870547313583371166754359435520664002949572860644895252781473792092098254551453