0.0000000000867038191433882503627486899453302752456684377256722633010231284367920395876370107185971510
0.0000000056019678916016425544582540798069609539980986696686226739561373725468895429602486272419903023
0.0000000531440731247687079626113119099649567547034931863605340643310391318144510360919517881142850677
0.0000002496757794945536677663778113842955278792436101119996246031594491390847510032562472467077488961
0.0000008124386015545012980716146140229022959628261817121849129388735368317093391727504704934054902741
0.0000021084782497392950726316646373492565506621226923289497303977350710985186050469944477804207044327
0.0000046936428035797240353262357730198340268290801256516593418915989822439595326100597650987041623832
0.0000093509187338652846893105144450504335989920183112978095362677292697836388355874853992970611164138
0.0000171279738678013239115857959158632743534030024627096994456942747550017702285878672594932181489481
0.0000293737811241973954237501568024323954545601161356715993731627300713130281987854432572632562189734
0.0000477742022959814776197485175241320644879578939903965576916648999331503824965850289161541960946102
0.0000743864172777488725151132314524827022049532852796492961531114450853188835064198124087960496572040
0.0001116720908734915355010793888232334198566111987766803565256027345726013846232080202602658755825856
0.0001625291766161550675099914403587886401540809145095316660722580684761753685356406470144667302643296
0.0002303222648242337954644621723396274680062336030186703634225232889959880607337790351577011592625136
0.0003189113903459424601286939042212848688925037473802749840135557810197729817697640399485265266324868
0.0004326792240307702132316036370510645837588558516224705396386367070902902581857817942228862478469367
0.0005765565808518505485394144510760202415107852683784556198696570602761121506035809061624389127794389
0.0007560461867100165433801774131420936436583081873488666987093209552842280107262469382778996874219773
0.0009772446552108954249804808910161482702603994851560761553197881287276481549298425716562203092192746
0.0012468626350497133695786711456698205951309231705190763180671287516642149358884294249331674808757051
0.0015722430979956743350708646920328264718811337423471621333190590803118866573683240661615681420841626
0.0019613777467718282695032575015897098654448733349539201222999517196596849340146149505836761879958287
0.0024229215313128065492675264275253328771378705972012263732447016438990153764647667235132879056603357
0.0029662052708903738582847603740742654672931656040764996413153683956198127833102068304364329303279433
0.0036012463883677844452454882860789117290688717056444882065734205774149268811881313486816297947607143
0.0043387577713249056118584753334896381259920881606361953474438125303736060459756130509613150114620098
0.0051901547829379423623375875987548139119334992881380167055336252222652554902274277928143394815664959
0.0061675604532561254688657166488657443023142590407541779870877703556241726975592678426676844856593342
0.0072838088888537112265346448642905510585939195717074416385181637919924519431438909404554688913630933
0.0085524469457150915821215746690190853474018456712982125167478036831960125825917105831908240649174792
0.0099877342166050380849510981652458400732991430013774688053678325976647787541222202563385240013677147
0.0116046413900617450868066632477540433502520006358934209749041544152812939044026963771068933144529070
0.0134188470435093382544295964537051566691710843086308944686722140695603033105848213483796180619777097
0.0154467329378060197100492637788555847296831676945402158076287572833086202848965275005678021313879268
0.0177053778848162325159220596065733411512975402923058418253091181940512927601416422899363019224671677
0.0202125502633172034745466776284332684292183982885847393045694189902865794518551649931572051306749904
0.0229866992617236381473280837678131398492128685341320594261636285348116144495482605790398453769718132
0.0260469449287452048937811112365111601467780375927675937605927241846996394013112584436898959836574502
0.0294130671151897893605602223759575074864885372034876599968923046066600123417602602373642438613368276
0.0331054933917050493015007252084400486628172719866524804933532408683804781688516211161367397606277427
0.0371452860283286072209596189895590169461475259356345481195057033858278300002158837494805983986467246
0.0415541281223133055754652572221508451205147856428036695268926118337533471586647171431411176192757234
0.0463543089608309263516315508422478773700726389813405055619842535683642789876133027695205306283709927
0.0515687087048604663560840780071533278520484397332664094944198009746082121351796337332397956802624994
0.0572207824798621221360198475685186286085593761908746828930286017244865156007893236479892224849000434
0.0633345439577537059080282696117306200713866283152088375291191148758931725035209675737384693085363033
0.0699345485132715338496576740771905669229155682672154408945733424465798573076386911749016200095565223
0.0770458760360429237302843930722710279557853760515856364143031100656054823798153470027317886180878807
0.0846941134776527863796975642559543716612871998401334444301913057888758921831936797504612288777624041
0.0929053372106830223870862496053280717587957001038229614179845498998650569790436678171491241527613847
0.1017060952741710408743560711981060548358221096082992004299960522274873071920937967407736492096218956
0.1111233895772028164518077247458142290002956915181788241719560187772417904033775986082611428344627027
0.1211846581294559940899052775015479341728201716113829873756282466811486713038926009844701987525147150
0.1319177573644683201142555454388884613726904958415419847826024710809004098123777521258660865228773072
0.1433509446182538015038590398701376699590348966813317123747152677430249878947087519075479621619790052
0.1555128608226500015738011213500497897454983073624673665341883404847931996725495987149847821298848383
0.1684325134694800106295089494557698638195465265184966920786767868365199485781446172523932028634845789
0.1821392598982757387447050114394331606515926469479853139764411152146240249125093085643589401992243061
0.1966627909569576462187265112620221500536477936565850248248136334243194330372404093684515426612956652
0.2120331150815207049452623267334467310178199668115831051185007637916140286134089762872169646551285196
0.2282805428374565476808491872959154389941084919956098234054099450081332946029249873094111619220183713
0.2454356719623650948113928213304334848249009601621907947574520866615658013676109980821635720320692165
0.2635293729459915342928108908698733936373090337440968521270344525685102435641920559972079180718236740
0.2825927751807808679493227971325731016279888681092033486826382418821861583307359285673087150177950257
0.3026572537129852630305345530601982155703971615369852694401256766469426344905922250895720828335951698
0.3237544166214005752285400035724571872181536080599355864114662912004059271922043044873493182446730635
0.3459160930479575766414833916408733745687431332268613787080722802403619208377683732351023381259495639
0.3691743219016591503911512088875253751793983180402429577022801787398462040562946470560074799642915713
0.3935613412547441713318365788483668041163532623077290123296583685911371503259009453394060984886788210
0.4191095784474778669063106948335778489783876632708685769499314339198953227270510782713890798721837478
0.4458516409156218258427063968273519832515771771997194718744672069017366311437999551009625199277161519
0.4738203077524280513645538772151392850692797577897350639280972187083279737041948825008727580331524739
0.5030485220149330521994263851402549120577343597505540993548458602042324445719410151696612244089480775
0.5335693837824014802615227596587154201856422316895906954604154045189489987093097688037527653108023678
0.5654161439729849322619973961291928870798066492595062714724581650395079628106423465967654555117680409
0.5986221989230201128837324555254979860418080969557404975767164083120229268710185108451299317304178314
0.6332210857318907758764350771699695601398297262013564203428243258904713125610053541273901627079317168
0.6692464783740182497909095366882407629052536372765648941683351636502876792456883445736865667321885044
0.7067321845783238948332823912106887430468230226409820857366924459908738602945207523604396133589262731
0.7457121434744210233259197715162631275209757755297538042120658045006996053816161220157426300354544369
0.7862204240038407359024881327358703679790827370997228062846867747203875880301024273097722280315862533
0.8282912240937725247692983413854645250725003824180943241874285065716605587533011438119034302700463055
0.8719588705901028429285721166151649886277354052110219384203742794381096152793600864423912750154404027
0.9172578199459593863675480243968982282216577873836753599629587317087321280473746416286676165230990136
0.9642226596615116770961269453250109660389887177187384463935508753359157633913679575950011469905303867
1.0128881104704356535809410178961576684532199572276851090428110876100277895124421343966885341470509952
1.0632890292682172982600191019382479454085744284333742860191125311722263088048722410035757232928788167
1.1154604127773437728581155715809731887627112297933058600267300230090454518802244451541633459441651599
1.1694374019444060327060217788883639527134209482047111683655034493460255131539364501169542449171875321
1.2252552870642104586754571031203056217748202816666439383939039425766866807277178634604123953068276078
1.2829495136261647874882436622519028866534373304252596253701095240441116604390625249370183491177049970
1.3425556888784617773775769967431711403208175829560539753057852851194634738716259755633907022641885835
1.4041095891059290153814338237573032159136745369642084507831302753674983239655488570294876042869743429
1.4676471676178416389680461190667584196823220126963645893408021725020974095007854778703303347534586826
1.5332045634425033000426581557051850630819735233939980217018216318531569553497272049002740148957728853
1.6008181107259864636429121198506937228190772679048947954096442959143648538142546214774876913111624141
1.6705243488330833732044516172988258131384623837947076127645019911078469518370413275854826646713378814
1.7423600331492512583688459104997664327116664454586690591106208901975882995623217927109046636078863011
1.8163621465831374166116790445831962356624676011874086780610134827731747122811913202111540116976749144
1.8925679117701397639693701606929797265927790580968265841197140120329012103519786202015415871914197458
1.9710148039783947231909970393525918565948717870679023581908673431887380291717032072092003089688389478
2.0517405647195856140920724363841292760611466161758765182656268334982634311995370612726849512820061641
2.1347832160680300695006322100695431248261819635586749796417634761619552999953925384924007099858728254
2.2201810756926337940180163023453908657650482628530967070808720914569961046092649755378258760854385651
2.3079727726074899288255592579742274191947164051145384195954329424117355136348730602190894976457551024
2.3981972636481584543529623207267374463115258517150366180890032756033604756506728542659757347254028142
2.4908938506819788873104385795025944974231383913230606375220251320005507184998470678092565380415515601
2.5861021985621528160765456627031850645673453902238956137160647871569360826581947904603880100015703368
2.6838623538367817592282303528486496624356463727751544845699066697228730020019849649810565046250665399
2.7842147642255620118122938658405069983420311484538385745251480570004312748972296912108688827956565623
2.8872002988784235561293240612393791495766405590641932798878337644382736664398884992008956230149471995
2.9928602694320571729376375396448512934106550496789867960788610875035618055156613001555593895245914290
3.1012364518820054460352767826470369899087757007377855911512652515123638177897134425636534915720058418
3.2123711092898027121860945244736331172783772212849920913232356126495420001212956821332039435647520335
3.3263070153465399451164537831868925418969919892435256618025759276185453183368693217585363885443365204
3.4430874788162073451797123697582211174461125240170519878693945568108406711237116997745508200786417060
3.5627563688842348194106075869548783702118640374886145086977599380480148253092390049826178129872985894
3.6853581414388139059128289714596031446489132999348534029355768495306993514859730824116760868817244293
3.8109378663148499182712561528423063837178808173416997564723085120214947167272792913651151395030061886
3.9395412555327666591600360920324601524791837992415457696402564530857210589205242100827049930284756569
4.0712146925668751153241154547890309390259819876474127900025176682425359858958190563665167543091426216
4.2060052626806299148472728501570108708822232046162590808649371859610354956605576505085521319181573851
4.3439607843688415409085055025104925255081343905617292985231362761654389878387714796868626302668121501
4.4851298419497976645683593995400193500668196600833239918097810514484392879768588127362563460281718253
4.6295618193532836190544269300657348225613454289409749682556379300975248620407468279653670893988259921
4.7773069351536910123163342616973542945171285080936986868910726104717461057832638644440313194901758215
4.9284162789007767389634094674034371545187258145796375604978191424183922950497675166829435888069024612
5.0829418488041952093368575359700360139656183583552281883434157275777911230276708152643261756826793268
5.2409365908316885727274875625373790547716194152275989059631461567729339790496370223732691261679133914
5.4024544392847983820847570380398002174864168473383209945850641232314360159345116443197029556820691576
5.5675503589201741350720985853141990813357013809634391477130162815330907010193918313543935183122074951
5.7362803886890174446993081441323023751244334275426505192194996057215068516589937892486470428348009143
5.9087016871719347847677640078513016051816740229717921983228460395951348364563484969293394364678214005
6.0848725797914980270569716717532073742399321987002599083702799444558847022002012391195431694174997873
6.2648526078901533562531934698961345233900262952167038241702042753449912296258822440524376838825436927
6.4487025797668006083718628259749815422480549110771515064856234746109863808565521103468359875337796822
6.6364846237714137790803360618705881012243207050465743349449445777532443421674752303047523752929134444
6.8282622435635188976153466670306056206724039083828808881303106318985739377047840379012986677043070405
7.0241003756472197471275896331938729733955190397746953963054649030318509178174930341602988013786380484
7.2240654493027999457829203833849046848109493438633095439860513745814630530879492849386888723907589969
7.4282254490427696949393321698863089184905341275544565918412360794361749718085850050561562751760627779
7.6366499797286084608743065861767249913168717509235428289334624422912991184294592173393262202172910286
7.8494103344934261290030400146561847591975467642152658831175326664733428794951349442053399098972166631
8.0665795656253740047444392702931966658785634138417403017826114721517995982053719116932687945434105697
8.2882325585769372029812444371954817509153380158138801893839348132840916128154041396845613060263576963
8.5144461092762902169182537500976041941416647972431811099658612850926600354921762181154804773244409507
8.7452990049287620253135870372109398022265134296766256194381906494909159752598113641280334751374697714
8.9808721085092062817253728954517066502273298500226908767274751571071004938650636245580664382967074095
9.2212484471597829211641058539965917511114660987325021830300731481644191010792225439850991690281474913
9.4665133047224143102199061878730941317082570417997348961211614545910253858856415386798410280269536507
9.7167543186510744399620258720989900892895674682191402386627283414066806283251470206600026911698974468
9.9720615815662052757015304826459695535701444516775565499167341176828551675611620824574463138240408218
10.2325277477320419571913742201560742086169692617555798889870065124521097050592347186112214967636906888
10.4982481447575909816477100275117257920675004802524993300924218346450230107173873963323660100006288797
10.7693208908435781078977755657106714882256780819832457894315181431853903810424208625825026963878828886
11.0458470179210146075458624791573024156387427792659293997535284141428715584235275707809508175235513282
11.3279306010522861455234675513038260618002053797875319941191812449917586116635878769835016763191665616
11.6156788944930296190905940532162408245683496694435455938225921338427407937241956904776420376672017828
11.9092024748427304603850276233755608494708398412050965730005825102797815563396230600568176911023570282
12.2086153917441683063254269207946012878485927966218651424249061610933054060761439709679494402107661836
12.5140353266268085331892086704162265676199308010355452571987088863157961523579787493403510055563742258
12.8255837600272536455369699047834009629232317325844377556224938238162133468395046687488358045877839471
13.1433861480612345647545559898361235941822880548118602914983949132139179157386911588393435337220844197
13.4675721086666737639608329791965993826532913761556009484524392372197435311650111800189251466632717483
13.7982756182864639938589923633596510044520137859926727726747210090358875746789210294043380818612025419
14.1356352197131945703680813601132169572504488313286564835692151576517567052672547603010710435150431915
14.4797942418765862250155888079243115577030301779228954965675824984373822002721007480117359563195039652
14.8309010324183836792169949947548761602450785155896799714513952546631005470474140937455445794678367864
15.1891092039694816367021230632318916613197170127581516090137866580825705416881230189918921507391232075
15.5545778951207729116930663176684108522859980305839842433232118971187491854428228614092005715513128383
15.9274720471633330183302364863728923577682216748339106159673268738124233622725324920192892543289998389
16.3079626977659082396679957424037458592591449317676911012715334895447997179537889696670236533880910452
16.6962272928591688452687129862643576006670393449349630745620485840738161054053655749086389545737744796
17.0924500181078547328698093623312257779843337021040227456183120221786910115989786263269532144887989960
17.4968221514749362846256283122792515529230691648087829110248916367424396687669911196999022217029300423
17.9095424385175458115576697743490502364183891906708960813401433558928961445196602707518632538136780980
18.3308174922041810564603728733813105275728946098627798038206431872450850817782934862279107159032422165
18.7608622192082119534788931058521902469524046236721780081645873321439891256192038788714037268776428706
19.1999002748159272551486349459925333527201245787084298479326760172614685715299037784101455742395067831
19.6481645487903855379690802122145144425787337946125709812924498824241103474032479790709884270008264773
20.1058976847576252082554594216608861734995479575159310150816240199924964266248960585868946619151956245
20.5733526359321175765931123716884256444734846663839268094685105194450155166507874603403051456704688246
21.0507932602768823222141967406547728514304737676067325062292263832100075320664416274451471839952886560
21.5384949585040423164201374350106174922763688763047335693637879741162363959797601661086083880217667964
22.0367453586679127739108132843975192244391348161673083523216213195865249104512129281904720133302542247
22.5458450514897410895226643935119393383469372026102107908433986938701247185903707433777034648399288967
23.0661083809863851752473938501678104068927204862831805580426620360695380047053031060417088602827474782
23.5978642954608062687331577211012760331496103137056916485301043460183760304085031349922447385558924109
24.1414572644574811801923120999806687902664729212257380438835811133158731345224674427136874846355442050
24.6972482678990535072455131511004830200758368788917996726983272725150633189020607692789616563202251388
25.2656158643114025847792628770576649702359646148732215418469895078487966379680345739363306660149874958
25.8469573458240172051703099504584552438830310339542989222671393636511966759797665301476297286720662230
26.4416899885141437821566276085257395896333981333537605535990793629816191523055267170247895592301575969
27.0502524076618121506156482870810672039993854071008628309865942406652815264475835980980504228375824706
27.6731060286162507462820764661468000564348652737266340566720295920577522889746604341716642335927798349
28.3107366852631356647876214181881478740648589700673507390706674811333664087310852173265401715911892831
28.9636563595509257036416511731287984546469728769685463132573294768087590231373708830611737890965856847
29.6324050772118682243008105294972811169741439054406639729160353149896177574470840336519165408846758736
30.3175529767329166001393520002940893453907972461384251215657947948358746180492500307453876321633146252
31.0197025708337586124753529490811805124375403478613832380671999611900584384495130357330634270097963044
31.7394912222408410652119252914955394540205830024075335228698052745260496574539111204566603736547405492
32.4775938584641092947181942824208803773982669484107461391938456440938990643132672805881798812249291829
33.2347259536544854950809118953204475834811310817433444901843085398263025543712602682985381248961543356
34.0116468095254734798477579261998282526130632613145516833071805835359379632010120128863766462746148999
34.8091631718584729687526162666499456828755055133207082549795302975215113950113695155820362855779842756
35.6281332243950144568052973769370881112775914706505528927524175148439652006076036876076431442261139828
36.4694710080911651006208622087018182114701825104199227349445959894308193904915147675932523869244265327
37.3341513209408758507097227669079497812919671821207546059546024184441715141625569746132330599737633892
38.2232151620743998136812646603654880858970697095910596502123122164483369116383410222326339354254036809
39.1377757938598792910503441400129135357486395596086404784625404411654397846495313591508013744616613083
40.0790255075935494238739751618878044360681684607712067845622971984993610598321513305073722043726591806
41.0482431924423510978911410242385743396178204358604590310927354155715230654432434955161883622437246111
42.0468028240795841015045641007395934354341513775931960728244959982148313743071260356384647596745401161
43.0761830095235595743772085803028769699849348100088105340079143113522598329223463738837633519476120011
44.1379777487934818224633393367876971059505648425941988789421821587689549483139046010868356760917478701
45.2339086030686615877723903156924738498216351870479379976074002396670768785172814139460329075893111228
46.3658384942543579525219009506298344391987956591716096249368113929154508002053037600377924542075460021
47.5357874037153934045854885348292512852899841172111276881944721445378833900156196051408503922533593450
48.7459502903466810556908118840056689085100961331202500782852846892222045335206521376235033704021490503
49.9987176125610177567859187499423707788148029485647666407809065690253512520568460587513529680922888507
51.2966989183602864074820163640846972191869597736953114592765964919178887786581628294984010521444471265
52.6427500665438523657433244804031824653064937722890417326330382169391134468837375606713493998240243906
54.0400047657064797506077565228663211967348465334400492247341688266315968963292020949863413483147421373
55.4919112731289209936516174409478904071084246631070831369032847670927030517577057346379738060824770198
57.0022752924697676008319062970650128997464140517021764468002602831145140428030710694696421300333989142
58.5753103600756707714475955299282336184266171936677849248535341255937204375217172705703815267547521475
60.2156973319923699024957722793705011138080303740240273637115032938861326184868206223283015992369506674
61.9286550009498809687371231755669488997666240313155314856371230750215499607468828666714714779261741161
63.7200244172262332335639797087011103792874654479907031215147155835939253180098142068833371756147365522
65.5963702046953928752242835310061252320225608436391211722194365606484599462061156373775084634588998707
67.5651031174474178510765929820506601509051032637820092625366306971062716242205626816074309624594516075
69.6346293643309904066083339422978637894435552539387135834115021533169900690157820234047270085246593233
71.8145339704381459458600634813570552421625806495321089239740410806830432453382648678883209967232462361
74.1158078391518265794016096788362463618080551978638408754717505504483631288678657027207620751558326471
76.5511315134000291356409876644749509314922075175423436154364026720813203470625779725711455624415944545
79.1352333449549211888286672943244662215409632433698611536000659701496767086593839209221324547371631146
81.8853465351127064776537474492677445368112241797015948254801206259110411310571917216357831798174044371
84.8217993587590226863494013487677163141948268842497318764811977333594383710634965851915530516760455985
87.9687875089611004780239094217440685490947123845735611989167868166577478865765726068912391808410786163
91.3553996596746680243457131707983528128154625214764974932845249335957196134919363215452655513533194043
95.0170016815311830097582308496064572721665417613801946162342383524388890431220370173419857442707689841
98.9971394947362536565861525894240649610325888300568714977030667712484768828300937807929741379398571820
103.3502096622362703765442011843301518040159606621079430205431487701128812990697117939498993886152088756
108.1452971119096174568177978704536150405230697508661690231748628698742959551666888336943788175839182022
113.4718421444774099104589917118633073493404421313076683165257356217455146286362803783825331934794531868
119.4482778873554058715415719181064210889575746582710180716106953975283573020482275975558660267988042002
126.2356960743463805905973890241772789814311978688744542252115700624632757448040997929758434745604558193
134.0604574498692041167169314525018394170607783154916582273804884793422397669350600980176660136789224885
143.2537011279943014115242481550816528128182050474456289293504269254918223826998590066995600545503687832
154.3252631603167528692731655101779563206576786135262077784073588926312361802779302573032732589280945281
168.1147110161575838488609359170476851086011267327063757298225763391506962383591233104073586749271897089
186.1388066485224655698975479231080231510603400164610413737098184209001285053288723553123544063973988337
211.5388145912883972638592364612174853144865835223254547869434120464848382503686204890905387622570885486
252.4602360440697406905278583494957212788331107352061835288002097389549584473853900067417806619732508507
342.4163177808911874711331368329817691223018973383401670310694448022666327261920079724900774669536059148