0.0003232789527333463696219218525244383201533136281627962301165166913834012321376814286333926744858368
0.0017032476763112635121693968991271371104082373187211991087263044212257087508007915223740686696545009
0.0041855508002760642796695798029856461473276909278180400508607675693778970767824604905535721058935161
0.0077701121552055458780654309518030652694280852374513914573013317080877110276740225632416129476231248
0.0124560938563701784846677386290538383493210917765371072686330465679736073477792704934726538334484338
0.0182423300626379120524413221731016635403249999495184138641957517248609701041027849701278716527064270
0.0251273692743352168252035756425581699064422973864171264370118749869007106984353497354765046212482398
0.0331094839229449133542649544608556028513469472710742898739337327211389853159991460241675495590662456
0.0421866747661932484923684335646806147365773849262061669621541247177528652915389864204904928442025111
0.0523566743012191619523516891755321970269814118420043084723411781881233530093693195386532184601937325
0.0636169501224846612038796378876125145211973260353607474225805374455401218355725606445458472584571191
0.0759647084777985310738346292649411567624307185133898220931762680694412543226395982726520679884385977
0.0893968980995922009600421337461889730908324646644335751592094868769764073195959753524998192838138753
0.1039102143333520752935415340793112146846866168982711765500168353908884518468917700836435347462839591
0.1195011035650682092887154745342872824626762585098621254076784691075773316743286858266280821104865663
0.1361657679412539508655867049478011405025995334974931655203369727828425596124094960919959873453573964
0.1539001703711690035307059283424990733250093261018697491697850235317741956643950844468899894513615741
0.1727000397987652903973034639535789645701074405462420448915371199770521630019964321425009164803913447
0.1925608767305864372955431544517499998568295773731502000232372591668065725694195375224789177535234536
0.2134779590049820606933499997908214958602501796995249227503199203592291374631277118188595882211358649
0.2354463477873693865996785617331272823499876104768059941202998855805823000483186207768299984942302374
0.2584608937758044730659984395348977666336849324638219802593356978998473727560614911134304079141840566
0.2825162436007730543642893364336470854266758492068504057608066968125963625636490106325604024290253827
0.3076068464028558142569503332386799256879091993787474790595298066081084770658423963318076063295465431
0.3337269605717530395860754021614124477541483944828338229851309619752609794515234027152266262848807594
0.3608706606300619086353241203719330316324106694187978925816796071957528763038029104531876562073953209
0.3890318442451811125940433583309347152660005390707844900350433021525504900254937569979631797363897147
0.4182042393527680915761522341300186437224263723806604730234541566689841929768909250821231365476612333
0.4483814113752903147441634770033846358195177900041233471243126576360018315874789146558400744100047369
0.4795567705193902985758709167134690222991290935005071500956035272935966721388790900644006847404749800
0.5117235791360209651000086551270503754463960976637563827237728373830141029068620331180933732050367937
0.5448749591275999266775091338157456591263383371405126606856912567060322455624185933899566303573838181
0.5790038993867746621328132172489515941517945065696661383773848891731894064166593347838039524763329537
0.6141032632517815213276020856751965681947284668204304711188859276744711174474819622136886109939307059
0.6501657959638161615767153887421757799173946957187479288580333847289238736320763111817599140304763076
0.6871841321123074020556705066839361270709287226956385824357573064765089767202821240252854764301999255
0.7251508030544965535354693914563734016417753597060619197615674053913538349813148472193232070681413200
0.7640582442962659907927436564419960841383039773438756030947262949224801466487658934016557195752025028
0.8038988028217300417401781533607330401210797378677016827274887868601214228070324280017792144340162140
0.8446647443596941643952591943959757878972354306682479132915076058269749250709076663023470891709317851
0.8863482605757009267895722847985449000839812110621190787574204149919794516173259299829235082552735028
0.9289414761790096404101994856562196210589131166133225260048291845860838959061285980897557271081056103
0.9724364559344968805357786576750496676162828925091166693378540736317305603257991001374715778112973708
1.0168252115701139446740805404225197189393743281589774659154903660468857317426052529541932098099435856
1.0620997085711910914524932529177625583935543713211323911695959256098628010122046374367040372217712808
1.1082518728535338713661721479953031008978490539981387647289277902185690007577173954359593646818542296
1.1552735973079108921999671889607031925595176832754459726455988210109419513151277689465561112301457256
1.2031567482091820309975121861006312785553513211515981639659198210151728699132558603105690467810777899
1.2518931714839586858782375794511758633241035592050621351362663789258506487370570081308032775572965669
1.3014746988313206352453734806296467682430692326351016476393148271033719160963814554173937109789839398
1.3518931536917351292324969623735385590716314045799407786621600845426758609496858844017849823121367605
1.4031403570599308806607636099077108903684176106187282408294735291698750583856680844910510706443758908
1.4552081331380707642704486968748515442570479185225874541219076219921952381851615956103331124243787198
1.5080883148261405976871750778598669880954345336289781089411240932323206340039378099029460178386311390
1.5617727490470258965043420813787031488595716316256404686176120784698394641695729741982227712292457959
1.6162533019042827021509263873037394448939770074199128089342576888416860710059098858299314398020780427
1.6715218636711214040968420040740765247229185174090781675783884617625261049728392279445536772372949852
1.7275703536096130355947475940675411847959563295674790206613577573113261559529957429372378334805799140
1.7843907246195951135820499045101702066566831218252026429987354016788665960343339402935120142424309116
1.8419749677171981895510805267942306597916845666984742730087946841300479310503097796477639752547120041
1.9003151163433345125751462404089751504623743321461452084538903801375729681385928046949831842662621092
1.9594032505028863641461781521061997322457168357882756655349331799164623137712995582811751175574293898
2.0192315007357036350380756196335636697872367015455995379919649614163096371672730873591169189990576879
2.0797920519208681366008124892835703247300512164670431987327162515385947110722569239270732050392655428
2.1410771469160061531232506402435801565670687937843122587613369475201515112455438468824493769471231394
2.2030790900337311387833369853582519579394806597297399461811934960166157002076526272437893168966600733
2.2657902503575756324640268238057796020920769475741268215955382901635659221430932688016929099320979382
2.3292030649000258858208762481767692347100948231760590821579609747772851397711044381273036890599738071
2.3933100416055049330215379150063567658916293726947468705359029082271599662133510903375903738824264544
2.4581037622013605024222347905141961417439272001930694771068807470622773676038539403019094199538167327
2.5235768849001039688639173356749486292377045510400211873403708220858142722897377838481987016929073270
2.5897221469563162088980544516774589800790026464856145799032306092540720567387826552893282360236582930
2.6565323670817865310553813749885545756003433626862747101999989529623233119533986459560001932992683398
2.7240004477225826244882951883913059136506505500929226777993211297305804834567469111603841070754005905
2.7921193772018635439062985405825144382030612695611369863249264100171744473824591469497253652200781067
2.8608822317323449883282137961510428165017462090664861198050573157287464434923876481190832230895846324
2.9302821773024074106192118688808602500107052229726919441837704691418394269733850189066419462146421025
3.0003124714399036960892044098937608976314085803864535237643913756351573646021034768690062452832812433
3.0709664648577751553676099245417361950957352920918482883253156893839086285190256200512992306014384698
3.1422376029856232699004430050817616322460832364578764059271429691519993663793996698126316911880792245
3.2141194273914108806542752707771881678808513967363231169662118519655801007726523836621429518640003588
3.2866055770974811832666162097403626591836211461149128857561203404809345506141132826293032908163437285
3.3596897897950868321633524816979817011936331698509912747167202025305144176566553029548213608351177542
3.4333659029616154901349962020111992981820912357055461294276550137124780903865348507670838244493668505
3.5076278548846830958196974130080892229183949236872436348398545362606109223258822573447733980143315317
3.5824696855972427437854799600778250369701513391478742679400714829738235718478165333994911148620011721
3.6578855377278261399010426159609755395598110456604445766839024862268604968320108370070983392694108044
3.7338696572699968415623247443420398137629168613829224262905969559827380310293330658522593513466490600
3.8104163942750506237235312638019925707129512044305309988234612455428091173730167968369514127496392976
3.8875202034719490048137413470249956749326890801141279750534414452305954057565635919694410291246628284
3.9651756448184178697825622642206779937998697427031509094881695813304842790572930087988672809593058162
4.0433773839870848596807260186943667287158034923567359444304596403984041280033443109937571316157124841
4.1221201927904673478942644768198878779766415928834813759526755179873727383305991464786294254442908541
4.2013989495485579526398201462804934557927508179801687658579223501421991951441874891243076191764001862
4.2812086394026871747764784953344194112822984059983740372222647128407488598245674658226498446684812365
4.3615443545792734019821680484093771180334709486581955476637863526479534894507857106576013377904620569
4.4424012946069996594616941616002501219897964712436376489864733992011318116819086223718806938699071828
4.5237747664908845608964782349423519552973460406245259925385039467128076789960727259270216284062021478
4.6056601848466423421586563893316794196662271616647706134188345874050901529481195724514731891039539262
4.6880530719986540397156546643163849799533056514578907839125869204735168092429620662345038640879351856
4.7709490580447991764521184117803351122682379599059049017772756074729055918194577328024834524169834767
4.8543438808913250872037009429588270053897093136867929397366007234975669649933957873195055591381000282
4.9382333862608595796993198595484977489199754050631625174742928284571291338403418967629812840257299976
5.0226135276766022877918448909635780462108680993738356521740350179993981608411019117720716761789252093
5.1074803664256611168656389719667338642847451632018507119392133801099283860585382103446497798080526055
5.1928300715044328715302022145599221152497281956711137667698284899352854353937826822594917434970442927
5.2786589195488617411405519636051102851822919833727356620619408821386146885943450520226614082912449007
5.3649632947523460312184241976973885056445349254869594637765055197428598090692927894469734768319399708
5.4517396887740025855607893042233968093712375452781833725279406297429377097160730496067430971693116075
5.5389847006399399482731492449725523565151976831362590638393643379393816497191909087814919287170811410
5.6266950366401356584961630612153606724536730236906837940788357856052703563253405686636368475664806973
5.7148675102234603336272663238117869721601352598100921482126800980888001388902658545631161371141868207
5.8034990418933415501723622850694375900935521066226310375844218603385566464938656183502363235970362629
5.8925866591065141374633134707269785382769787005571499366443173583749933141523433980369047761653677729
5.9821274961772605137690034721431943209026009927700487436739683453187586715719321781738042078070172836
6.0721187941895052664775973905546373917301042670344543305288124054209753368383569052144166671995912473
6.1625579009190924532267186057767661742420951676042454967417835145868863331880816112052987618241545783
6.2534422707685422211050597483741005968427480191476312314105938538777195658682494460672124344251215392
6.3447694647165554464328313123638551597706571796963910860637130818949499794411378444842460679227197888
6.4365371502845113276182544360997862026171353374997715822985840921186858135547298537899092055252492271
6.5287431015221833583282274374433107787659773051029390371621270638423305572744256924470835887875518203
6.6213851990148840098344007278623493823494424288089965548975801837659267131657893590381886666590143636
6.7144614299142379053450220413701855109454145253991649363457410014849852979594305202895697368127388587
6.8079698879947774255145205186973399751701393449358324330248266658799687244955804120190941405126437467
6.9019087737385536992848654639116219800152973282941230580578602788362803303997329943342847750325765689
6.9962763944499599713595838464943156526926385082950537729996163180693310440892238814956985658482621685
7.0910711644029735694618945430263687026392905510717958436475840266461021568703849256321495728746763200
7.1862916050230373040263796505466569669908837290234507979922481933223602665987222045286158672398013421
7.2819363451058213150584147974860696982041997984579159960909454800697123775019338804721110265384091219
7.3780041210751323441445737836902168644425967864591801076494776796980686170322314380646659883068806080
7.4744937772822693779498665686112545351362567052501382714218984853252799077947251498016137361874029029
7.5714042663491628241139432781521529671519821802715281932946489628243649163249075437129190952567852039
7.6687346495576791014847305369171029466462692194447785017398408672584274710992129861434586826163913940
7.7664840972875240354852933200110788641558215966339527767981693270767893479968625599145674518380492175
7.8646518895052370508197093044312079526551823107893781102718178899519396433784272919464433242646803394
7.9632374163068341780909134523123642337632400791013358403657572744106068028400632995006592200172125276
8.0622401785167316968325952572717156989090145346843432406599104345018638332620171741678570524079570804
8.1616597883456642144676074654680658542420071316796442198272533496312006873523033866494511144738318846
8.2614959701104015521656126791072051352968193856827860630444383459946852514940713375252173967677670670
8.3617485610181684348824960439498751537243088724667255231207910655827763234080539814554990319299237544
8.4624175120187801649116718174130973984333716835606766695303657886816068271144399678863504929538433243
8.5635028887276267412055768658949356808111666274150493728997520320950534885642116595499476792371319701
8.6650048724227678640417070579006518378663731606220986683196279965317728388760359304884788702122434039
8.7669237611195425826776122105638184569168420426568074169032664282606411116707847093932989289084754750
8.8692599707262507066110787979524634851892935605662143812763840588880808879903592298193073248465383617
8.9720140362846292762660072801887561534989298354130809476809823394287096270140431459999513186524913382
9.0751866132990272128101594368595745536389653470779893446097104757548520974420166290551998624650175854
9.1787784791583756514765679327809100999386468099473708143563298153840474685970170933314675636838299390
9.2827905346552614031513999823113678925529401635065287356557740739444216382334157089968482606330184264
9.3872238056066375708410258161401761905289598953904672837299417224267556991983416385906617670717990071
9.4920794445809497562348045682266212336382306795867367249734272058536228591416101013465575078723396018
9.5973587327367198214975786742955414648328292470976035021360964914532168514648492642027792533345142826
9.7030630817779132372278260803161797538184491404588395237323269605257980171925321664763972158995728905
9.8091940360317221956987504166820835084669581679473233634081114872810985174027840266845946693792771504
9.9157532746547265907018329322008368552768279865662252576738313800801837997174485096795071186467164584
10.0227426139737505130157173562421042187373160356921638067161117298464686082999212508744591993277138196
10.1301640099681151113894873962880518708866067097886903826827076660086141725540128581437697453609160350
10.2380195609004017450011142987184641396441247896600278021029868854212229452940680498907265981226749162
10.3463115101032847413420052594962963364493690239204975021453649967968678589841839237077197774591461324
10.4550422489304734474146059103262619581685853808185915188583866197760718662711282528658657121941898189
10.5642143198803215586549410946272855963970996990849492780622420074274022935635510093573319267209064614
10.6738304199012211566660856990227179947019328085883977100455005848413717320272977848314455824509184236
10.7838934038885030338437007739570930285749489310376457018828087729473443958801155941962657600210315430
10.8944062883832176386095504603627068146523056389259137063296590222496815426916398863756539525466542629
11.0053722554838766455971667170861174182797322345746647750255778735923716728555063802468632625905407516
11.1167946569829984899736214460843414551881596004985234271158106337311928879195478619099261334178445078
11.2286770187411274466581179654294837474132708427801328630944224630912317510177385269080646174882568491
11.3410230453118907761756931883867889822906870802134567260150181060482320378692807859024563286610645187
11.4538366248326285061745212190269725501758558167684854808626715444163512305120660933912807109234118148
11.5671218341961826648116891165471060412631959993412326430167337952570564073367153721851506180393846192
11.6808829445205750914124648277957461643089784744052509558350503633689421485534662173516066995197623888
11.7951244269345440444928983331194781261393376012134988048950459147689534670756636904951015025356222720
11.9098509586982593973900824188409750246837168785185252303328525760972533160647202387839334793376257422
12.0250674296800050333572573923615575924301001319355278234383482725405685323911716690435162579866396763
12.1407789492112171229372561399932648987073011268898502422229056706714628207052340023482864003654956828
12.2569908533440116612978857122877492923618692918733707778886930076815577962041407975495965769015824616
12.3737087125372388898317294030740729896699323181148560327644180475471953394019683511411544856529988548
12.4909383397991827075396868013072207989565773927245820510267633651085320604134553157852000433787950228
12.6086857993172985622685559865126250541194957133742751799567707036316465312427219023869968766879561992
12.7269574156078745190108425081111006165728309963300217704526293267473868455340079763146964094285235219
12.8457597832212307057954844204098472144668403233667188308380678251315598230409081690549376305671573435
12.9650997770410685145642116047497641128180700896497647639161692828355651945323685325776874255685733130
13.0849845632198724685375888537191649223116936963178011519867304419992282866781205757910035140775717391
13.2054216107958880135853723946733699472753226258462770149945208380206409852900714831726086288154787395
13.3264187040411854118813094857424473950818249606918697638625964612654328037660253312196616186062047100
13.4479839555947161050577824051287662985120470766793688299390262519922941512276814568607842408626734432
13.5701258204391217175384269938344754168323856386434253360999541724781355839737369020260526131348129760
13.6928531107854221281561942695183851797017398545652877070571205609498907225559144690627326818034171052
13.8161750119356500611687591090112959835531442777160113888146694004868358147634894236722438501915493655
13.9401010992000863635538668258343051737955612633660070017381650072047795507648689319677218443743268514
14.0646413559530634249782735103231359852696270319874612823531635198554968668558210887714127595331311962
14.1898061929194364644887312353818291270608441972359516638962194977163533045472279735783494992427862253
14.3156064687928794269296138285309582101940503636829405212214779913407575537292899687278849502346168175
14.4420535122972653187802730470761777609046853806090853080286627069024805244375231237261115769991131169
14.5691591458136793958688191323642872904153452583053474890847557010851861389907519232533084109394749786
14.6969357107082482762625628453254890384163155205745217769705323344002772907478494919203093809031326534
14.8253960945101341374787633078221486933543192839669895404631141730292063607205093082365159861331536565
14.9545537601049550785706855553356318430095556518161303816186199021189387887953258847478600773111998413
15.0844227771267990899019581154216115124579287452898905812539837696128643947035908336006557947104823184
15.2150178557521888183231281611386349826560588763167205336008092863453596672724001506403576828496509114
15.3463543831221640943641809355593144883380690648515339175179745477392995950560997823432285220451443499
15.4784484626444722395728441354971484387156121563946091758701863577149520700853076472405152397677315609
15.6113169564571530447690505410168977674075986732513245875298904782677793639199475039487877980836520341
15.7449775313681168547181199898036529101319143205911099824959506823448042050983391220961533225567516871
15.8794487086232773603478290545791613682488657369755808530120137663658277952283074263239735979649950891
16.0147499178991678016763800420612460392695480736010603550824406133132367692241657302929117091483890334
16.1509015559656315954312668289013079668407221587043330671375535886509732652104023614386325579537917674
16.2879250505211951371995707858618064300029342910760094731803287375982085050309357647352708481490440812
16.4258429297693646044953040803783464724311963622408458647043352572987521052906193415362067646048625153
16.5646788983798508990628824098470870662547367812362444463160467100346347557891524523052644549354732839
16.7044579205664313507998858517972521194407635225766243646911983439162023101558318142850118783096244172
16.8452063111149892072820925307175740308581723164104073872254946291796688965628765407585638339489253606
16.9869518353138760709752575019717483810508406697455328621447007314535398520381901962927272136747796853
17.1297238188773289331682860328480721408023006462604091712246850078926608977283141850973198823625957863
17.2735532691151573801415074913546575879970185953440953597901979332740171927837858735078552833497045920
17.4184730087930927320146772546608347148600993585120725025426856797493816627013860750236051540620817558
17.5645178243539581083897925984703781615325980979653268502895300264540405302858680989090134619912448458
17.7117246304374679773109145173805476343115886567424594899112583663247789149438148840867777636441516570
17.8601326529550547675226501656548399647810407406376443788125080979154489701248342939063217953585671559
18.0097836333569576748323626192291255146227196929207240309924893589458038647717933937074730582168159204
18.1607220571860927190964801613010890110486303252470862404582826579840643376606013764517299009653296307
18.3129954105648799710852943527434278340522335627776465398266194295516447843509928112342897842673960925
18.4666544689300044831257010958378287432454072648176824841263992677108915825636058910294776420479007104
18.6217536231451393835730998233659433102078913071058228844011984130220732828789530706552793856637984800
18.7783512491204194628115386802475965735589332576186372460874133412457590543631163113716805758648555533
18.9365101282984625345600896430848561317882696275700256812158082780344555548492724217085549728893290901
19.0962979278933701815052051474755115411815794570576968168831468344702285146387850374929757697956032394
19.2577877516748002790642864264443163888184262369313607708406582043243135658431044949783790826063680691
19.4210587744845675248393966212356220408045030155939276058003722046750815210144510144086842231605992272
19.5861969767064820066952664927598267413392114762690022237456322842537831882171657937565679904071900083
19.7532959987815828665576458440740949790841593676969753091406245979645668188851845919285633287356024425
19.9224581408440724013039726992528603936933274479676517869413091697678862066757050952818451232984326977
20.0937955390256481315307862168614191757295331173040349523951572714811341112644519732898827799495445382
20.2674315584648203338447912406943196729964552882096943298862237551717755184090865734727281173635696368
20.4435024543088058281889343176462226179687207932356786799029223974030079227658559142904597859299375669
20.6221593670774675319699310733148458797240417641079744656742021195548899896762837437568577983230469106
20.8035707392260606695367105634575425562272837020403019779963235799317998329069181337594727741794833996
20.9879252678935700563949650700706193820032650205600291168882452872839766156541596990651525712540297477
21.1754355481105000839217448279506692906906583276633837433921916347369493279868740036906103506076619287
21.3663426164575177323560699678739956722773538603048129446919547118645042878362844950554442477940520950
21.5609216855967616897427074172505479062163418513441218624660907114754110522880462756689260287445472365
21.7594894785019023427525697574957481106741927166019052868002470715794024506032722794841115288532191023
21.9624137493733604026530381618962918591315738459376756276252923599955328360065176448790576546929269109
22.1701258529581153133788447918373826442187264385507942562692172283750991131416024111755724072652958389
22.3831376595631549434192825205617548044199286100305422840719793552735547032491196416842048405796617709
22.6020648258057140166276990867561233667285135079197649098980450112985950080478228556730320766995359285
22.8276596407326659716822285220754455978717668951639659080068989050701594991469606794955646012671417700
23.0608588086493052854384365208675146414268450128705745626316115414614310788256160783095375755111524515
23.3028555169753727324082044263973670518733059993009588872283729909911403646005470026382695716782353453
23.5552130199951025925042011855351338123250017116388819699469916621984005830499950832667359670547622251
23.8200537479526010891897019965084205344924425037951972878409806780303393397280140809422541645151794686
24.1003971489287685277180693347602165420918045772995257341065379173469635078271219909863514616331266093
24.4008228973609315025910018776921905319068381248374530803862113274865015447488507723371226185117854615
24.7289588854963143758371306269340448482213202099816577882714925481620050191900637271123902550830755760
25.0995900079042003746771133065331261726999784243142960685201409620636767517681264433086766646189127506
25.5513594545836757630686752026860496272643837318613670665796119632738637372294392270417094233508296881