0.0008296278475921464636093442766172190066164315343620572497150794753014223252931955729338114095993179
0.0019310065420857977612699489035952897528016408420831945574778790888031765294707102260401841836713639
0.0030334859931482009355744808333584640432266425419399121310413976984861544176978438516792935985387926
0.0041351914289345686741137708171640815219569594805631596825555240487081957858138584022757446171116755
0.0052355151826525720456793268631305297314036183001517908237811223707594116787129729331333584845317575
0.0063337946841696771875527013332233988511379478527194733893559298109679075414736429831948610331168512
0.0074291954555331108685018187484453491400648946069197873548360291306079429377097064074171657671866520
0.0085206626228034846021061845230378559779680764807558841543798510908769828771722427373508867950369070
0.0096068825544206599547912725654857014194241028030506512069286748167459165586380623379568999273436456
0.0106862480896095438410221035856596102620096954778131885195254156135241409964864939344949713397639020
0.0117568266471710828363438777281172802962625414593386188160670863900329088743935144945968420537774727
0.0128163315903247164987566159584164288269440649513533738172506819521197758859862665283560793168207084
0.0138620975562523196107364653961530222385924329720761509435928924991196964569417173018536793662318530
0.0148910606318254722595218820271678106159053811398747479904359561272402473373331847233180979308280067
0.0158997443820924764184859565893178123000916839059565576704662956923592700448086898889206262890174681
0.0168842528371640567441647994502330799593294601738110172177228249514534216610285211193117976824507387
0.0178402716162396052665632775376672046385029870153222713904754446344277412611173177788040607848891685
0.0187630784082574384050414111782827499670627286840775366214456742825732011786587226188250705293006956
0.0196475640282024448703219621033214633963314077309760946263978455628063270834062326978240676106973278
0.0204882652166386724110631234786750320563323686618041272089242119777830628171883327018620469205458964
0.0212794102375514236710253579711132573790826782362726876676562821906842210687063884168801802228560998
0.0220149781466352273280764095275058296678308243677306235398941305659720475841132149928265513260891354
0.0226887723406553257941769598690041242916640437157856487198996277591362132993368707354039302068834236
0.0232945086526037001677547966290481380860745399221030855243238293948036214632020033311654508693161801
0.0238259178244856834567090766848936825465275597392971361258490048763367736706588938951166285394158188
0.0242768616714373091301252615947599221389913293083945173101432678054055504283548694508417790853140989
0.0246414616545578670565688049140969139121121428166049621371199300562719161851729340595682600090245880
0.0249142379186924269160004910976389129654228034595715336888047284082844880118687089938780909939201584
0.0250902561457513289587965382878773677056592182460459249976984114503678005159147423770689543265530451
0.0251652788517097379377662317100315850119457544569475102506260690157335659611684423153262839022749027
0.0251359170511625762431424901940817509666132243696961712215753119265878013325246014851942689377042813
0.0249997775687688978879161619902829327487973803755029032043772348877622501794092494683718513463617765
0.0247556007388403039435176082760965842416025258421455545038963822450246241285920626333437782987865468
0.0244033828524708877582341484717799565902317731374174215116843047341732529937020476858520062420021264
0.0239444775358243162162934459127597403763625072939026992411549439227802829813200291776403573240795924
0.0233816703197951691362298270005354286459800294172789619355130402697603808618387531791092084343043796
0.0227192210288290607909370274132856595808305872992868205323090657416275818247981618985273922286333361
0.0219628693016099178928353759486774619772229697290583404730487839720839314096256404026171898412198978
0.0211197995684049641979191224242066599887620992133457653518855048206064495023680067737159105224264174
0.0201985631384201115068864843509716038364578915743331762651421249158842640719714039423655777312128821
0.0192089566615026825754582774838743145238934189741584942929880287625753936366378475339560079586017001
0.0181618580630841221299987843625671925042729714589001656984880155577068295220505931235808854908059942
0.0170690230262564321767035054161007676484029927983721509965312672559887488050942812203922035682216332
0.0159428471056972758666432052218819937650479047644801808176679260548942352043759244449274190485742018
0.0147961004838603536545298025416244998199174961683480844437469934787906642142753373034968838494909511
0.0136416440906790433245986140719697784790580016465549548116952200817152512380660229918055492680472305
0.0124921371748868842957511710303314918596442248022658911444049088487818218371577886832662364013637479
0.0113597473202343937888207814827317873795772933616437071526978673237738746177423173522270764390825753
0.0102558742482197892102077352077330026407786734309280371574181486052511247452881399198744702191625551
0.0091908984782657927353375448821097998895857289498214798721665031093085299407442877634836906071612898
0.0081739650058711158231366809981698360480543787776345527161264991149565374181163069626626681647404071
0.0072128106354108239751779515396126946260127525378987920145233822838104978733905788429787060800228016
0.0063136415416736964906498070609651967933329768553054631567924150756925051437459148917513989233118234
0.0054810651530065316775412085102409561782921443297914440936092099099542995089053373386903949245631465
0.0047180777068288469557216219933716886215428818077315104891321820090404685855986581544232354408345926
0.0040261060087151664928061371895294950934679961850408635364754919042860279966417415406232970667857887
0.0034050992231372415193593335005525186763675625822878552369861308164438988532141161461709943403534653
0.0028536641247650096007557028980877426044919601070508876270440880637998363740683596140965665565665789
0.0023692353079664710743063810903517100192326043454557009426373371526512860438834053078624443316126296
0.0019482705143607758251096807719347634309453648392764141773504221245639646863919822269737763529932945
0.0015864605696011983771060825809113654779994079943836811241284784044177162526149862092970361836891607
0.0012789434403201734256245932726479317619237888153672273379648392506170481997415644231745513621900513
0.0010205125927528963272969271078964041467090597517250254585574319999230040791570265742746988131096048
0.0008058110666806806172788785621559562736515226085047718153698895315730186307746461141176947789816274
0.0006295043414759061538935039638657366762480549011195425922097991110405053804976028902895008719345254
0.0004864270077685394992452727827755841318380028682231501869941550931654332025175929255100586459791990
0.0003717003007344826049386240800828895774196957866315538597414253358263812463402402815892439059141678
0.0002808195375133483979952739803891369258788815069681539512439838114660043098858245912381092089751143
0.0002097122909902099232290109280603154445144353751227348295206825791186307331128206481010434476242545
0.0001547696165805065170414100874139141508079457989903849230527975928031403711708713928523329024522568
0.0001128537583501749173516502490746657444947761789860882432885253912257385149936408297746097859896487
0.0000812864675551125248560620251667695585749472228266045721712929827322468225450615919721952030404457
0.0000578223808110511159837170827591889393948142279104532672636250966401871213452918351988165124075573
0.0000406118690564488417506517699547224009511286656674719055004890999612557597474411570642471721910156
0.0000281574478524962485813335296156484899194929191813068401831451709266176851777450244834712633248619
0.0000192673130043462132201462273187662179341196547323965840424349291156616244118832141059090307445200
0.0000130089147254632803654914076305806182500786303191386632372495701192846277738130721848082269352501
0.0000086647849068610375717379192310847467588038427367812115187464405582971679827340742916864756697661
0.0000056921499742091774044166858613281926857470629205209567188115272212146456479146631075571262028746
0.0000036872451115851959845079529184585936273289739288969752171130065943808410317603265629246921478258
0.0000023547260513146844276289338312969944610209261167663990308209831011825222275477271998814027715451
0.0000014821676801650259360965645677009733538308494297226566021906559576116298067241849059025126943443
0.0000009193460446733691509569550972259020121457270415542126796008946149915025928999389815602569417748
0.0000005618130845152988978468453217158047445092066077385736938412355326537920952057670025812136382087
0.0000003381758443827356632123595377647637760495845941022637163078236621866927066626831889407140251059
0.0000002004648489997257626511571364844835834163441608673121906445797483516480121983125667748686886799
0.0000001170000635887309133206453551597243869308619618166559943111641915770675409094299132997516385931
0.0000000672192662398077342266187185721398417698342179758414349582102900267590948173825006370717423400
0.0000000380074821534654856446935212790491723298263870603964328396736227123271604190089447479958943545
0.0000000211456103526853479146536528136605711808646300483954750724619170572928246811315379961919556357
0.0000000115732552784041773813021684942705925072565792486295049026886811591733175977133662474214484165
0.0000000062299371500975874691709076502495655554387919567383736834446602356554805972446244551520199749
0.0000000032977179513394854469968128739068043537431675554464301000542673744796111376218801797401664956
0.0000000017161457872198369656810282925893128504898676109536753719150474649435613985433131215417328539
0.0000000008778392847318012373686224020230202751762688887310293703502982008943671550305066724970254218
0.0000000004412711685219883124431699960832488673442667801848032049438281816400673847576487317168096878
0.0000000002179392919342553056644737286928274260694003029060557756156796801617130711885866927976118219
0.0000000001057340516963533195229603217020638471866111633177507974580499536864452593934588617335338082
0.0000000000503794759370797726966827593656670072080617767216266325169427115327141792816115969378762468
0.0000000000235701349920887019351717344333719468250467711094322110491007960680621023357608926693670251
0.0000000000108255631293453393713579533871560419192502338169540568454900734717918058849384028592152604
0.0000000000048801074679104684560976505563881531745919706641910826188182043353783759400561757536297055
0.0000000000021587844774309490704546329133441902891884935745355727543670686991603886092256440778708180
0.0000000000009369163531682833612454470906955375792392730218782511638512311201212218500767069736150931
0.0000000000003988546450522879733075998338073289126204268588070515492635418677985677304264482096127998
0.0000000000001665181165420727416723315544959620152378342930069968379139236055069961651484117635856457
0.0000000000000681635234534494540935909612349834791636937750064843099704932039647125732555915706249019
0.0000000000000273524962211081884779182969897371735010778378595014262039162032460443920376103041424899
0.0000000000000107573907168100898383922452198023682495905584845296520650931794874554431371392014603998
0.0000000000000041456491261821929371940483759922941534028611862851029382336851916923065053381571966249
0.0000000000000015651798793852069064131628252029146478252066393128837883043748721012817472283390781038
0.0000000000000005788052493130315761212519085041291927090871133604213949122923800938417457507946593746
0.0000000000000002096077756145485105617585700848838880446703743964679595117820102401573850079382196570
0.0000000000000000743188708591843724081308829856482698679920471594129122099610315572696082729841239312
0.0000000000000000257939269478420767039258583264861758940859175048296658858521058310339349480869922222
0.0000000000000000087613718713919784091652618374021534045712979771121083894130238616313510561887905790
0.0000000000000000029118729904139450267839583010412104388078122228177889795593206807553127532318131111
0.0000000000000000009467329657971369274019640702542822560153220447468639848781216748111162181509215871
0.0000000000000000003010551793749849869015143416232537231469704976535024177697558643029157258157167192
0.0000000000000000000936131075901633614682541437081700310368808122948531769447086009515616426091490750
0.0000000000000000000284581863074214503582780956457270063554063469620104457169723268811626116327471866
0.0000000000000000000084560082066690654542198339123158018306169029457629568122268283491263264198968065
0.0000000000000000000024553780521754901594524254819045215844540438448989611299853739723192262478179451
0.0000000000000000000006965829311932505349329973866190779534064971179125047231095436432744167878561750
0.0000000000000000000001930345023851373647886803395857472956898136883710602271726048306117265159183328
0.0000000000000000000000522408596568124526715029142397177604820098416531241343314057825696150236065479
0.0000000000000000000000138039687028081269616528586992956286852602599143859508290764977314548621925822
0.0000000000000000000000035605761061263506070652744715192135967504103283368821840073797478031551226349
0.0000000000000000000000008963197006643508503950498195084509651925334445496410549045045544412679505746
0.0000000000000000000000002201582499745155091349943156000933283859614647254110049814873078222438510473
0.0000000000000000000000000527519569657296305867419045426270350575765524631687685959539573606623645455
0.0000000000000000000000000123275057165853971413918923602343096467115314014731071742932536550796231265
0.0000000000000000000000000028089594557100498797857175925706816076480117189639241336545786007063176673
0.0000000000000000000000000006239489495000202286129546124846320767702186523736949882247635345419111284
0.0000000000000000000000000001350780396976759168861817974627936999179073722696111089454851434965003214
0.0000000000000000000000000000284937979448448606635247817607321317042458334127384366648692485544323172
0.0000000000000000000000000000058552116355412306282760290667573757518957522502352413316688408403384117
0.0000000000000000000000000000011718100221018902516703587956317078330103940866413501606428734345351471
0.0000000000000000000000000000002283435409068288911638174127161609844007151067931156152049006062843729
0.0000000000000000000000000000000433142244908500918525594752404441811666146706701084760821004704378531
0.0000000000000000000000000000000079960367741681090742618237030876537524198456895968365699614104478975
0.0000000000000000000000000000000014361913200588857643834064179060950479694454872371560870355474363662
0.0000000000000000000000000000000002509184435926787871532794687565638685505835385361127780373005798074
0.0000000000000000000000000000000000426308246075633676213460638524315201532267220729051393956532128409
0.0000000000000000000000000000000000070416163693102086071151993502135086776425116669141490910524693749
0.0000000000000000000000000000000000011304817429527811284881451828395385068139008482793505592541222623
0.0000000000000000000000000000000000001763521656412727323883676880364367605755065238813340520771782736
0.0000000000000000000000000000000000000267242740198714080070032753182919702295965579769513468040213452
0.0000000000000000000000000000000000000039329551871406176391385253771223853003247013606280787407647117
0.0000000000000000000000000000000000000005619508405398089616156840033267219815663094566038607818688759
0.0000000000000000000000000000000000000000779328036190067227795875118885896845842676464064813011554804
0.0000000000000000000000000000000000000000104871956233034107367842479212231456303414628796330836218496
0.0000000000000000000000000000000000000000013689511234620003938137768351930035531119467651259889369715
0.0000000000000000000000000000000000000000001732911215427397763078892519042725121302012556929862242585
0.0000000000000000000000000000000000000000000212663309635579806632078161827105287334980232083296471946
0.0000000000000000000000000000000000000000000025293126044278447995360896222312764549467558211083987564
0.0000000000000000000000000000000000000000000002914536824671542039945333595409377690427082482241784696
0.0000000000000000000000000000000000000000000000325277947736945782125325266258558238813014217730978389
0.0000000000000000000000000000000000000000000000035149252295669689439574832129774613930198545616129020
0.0000000000000000000000000000000000000000000000003676288930145570826155583481662871466412838290398380
0.0000000000000000000000000000000000000000000000000372038728421322188033183312273057278449623583553630
0.0000000000000000000000000000000000000000000000000036416787459756543764551576401386939945717595499064
0.0000000000000000000000000000000000000000000000000003446649010426225031879438479726932009110737171906
0.0000000000000000000000000000000000000000000000000000315295870675267416881472732836359380037334154244
0.0000000000000000000000000000000000000000000000000000027868005704140774228812008642222607707428741452
0.0000000000000000000000000000000000000000000000000000002379014447679625927436115197814161055837648351
0.0000000000000000000000000000000000000000000000000000000196076487214422024526660941440959995514663251
0.0000000000000000000000000000000000000000000000000000000015596286431710348185914669364632883522734732
0.0000000000000000000000000000000000000000000000000000000001196768941308864070402442246081042985949271
0.0000000000000000000000000000000000000000000000000000000000088555397661971134306326701353974869214660
0.0000000000000000000000000000000000000000000000000000000000006316164648481451305674840582571275543805
0.0000000000000000000000000000000000000000000000000000000000000434049507812142149721329160965323319845
0.0000000000000000000000000000000000000000000000000000000000000028726437102405407040407851677541035925
0.0000000000000000000000000000000000000000000000000000000000000001830145001842933671388159273555158646
0.0000000000000000000000000000000000000000000000000000000000000000112188970793575491122169703111639841
0.0000000000000000000000000000000000000000000000000000000000000000006614093905837935674549763741981577
0.0000000000000000000000000000000000000000000000000000000000000000000374830889037946089437521735315052
0.0000000000000000000000000000000000000000000000000000000000000000000020409340488925161825363786079794
0.0000000000000000000000000000000000000000000000000000000000000000000001067158998213576724133239114074
0.0000000000000000000000000000000000000000000000000000000000000000000000053555958729869398829122168388
0.0000000000000000000000000000000000000000000000000000000000000000000000002578283195284210345830535506
0.0000000000000000000000000000000000000000000000000000000000000000000000000119002654361369205117879195
0.0000000000000000000000000000000000000000000000000000000000000000000000000005263056872458733087868634
0.0000000000000000000000000000000000000000000000000000000000000000000000000000222905011860383842910840
0.0000000000000000000000000000000000000000000000000000000000000000000000000000009035233801324729927493
0.0000000000000000000000000000000000000000000000000000000000000000000000000000000350288833641312919080
0.0000000000000000000000000000000000000000000000000000000000000000000000000000000012980810421435965364
0.0000000000000000000000000000000000000000000000000000000000000000000000000000000000459492633233921831
0.0000000000000000000000000000000000000000000000000000000000000000000000000000000000015526017107385916
0.0000000000000000000000000000000000000000000000000000000000000000000000000000000000000500426529160304
0.0000000000000000000000000000000000000000000000000000000000000000000000000000000000000015374582487115
0.0000000000000000000000000000000000000000000000000000000000000000000000000000000000000000449906785659
0.0000000000000000000000000000000000000000000000000000000000000000000000000000000000000000012530268230
0.0000000000000000000000000000000000000000000000000000000000000000000000000000000000000000000331869677
0.0000000000000000000000000000000000000000000000000000000000000000000000000000000000000000000008351850
0.0000000000000000000000000000000000000000000000000000000000000000000000000000000000000000000000199541
0.0000000000000000000000000000000000000000000000000000000000000000000000000000000000000000000000004522
0.0000000000000000000000000000000000000000000000000000000000000000000000000000000000000000000000000097
0.0000000000000000000000000000000000000000000000000000000000000000000000000000000000000000000000000002
0.0000000000000000000000000000000000000000000000000000000000000000000000000000000000000000000000000000
0.0000000000000000000000000000000000000000000000000000000000000000000000000000000000000000000000000000
0.0000000000000000000000000000000000000000000000000000000000000000000000000000000000000000000000000000
0.0000000000000000000000000000000000000000000000000000000000000000000000000000000000000000000000000000
0.0000000000000000000000000000000000000000000000000000000000000000000000000000000000000000000000000000
0.0000000000000000000000000000000000000000000000000000000000000000000000000000000000000000000000000000
0.0000000000000000000000000000000000000000000000000000000000000000000000000000000000000000000000000000
0.0000000000000000000000000000000000000000000000000000000000000000000000000000000000000000000000000000
0.0000000000000000000000000000000000000000000000000000000000000000000000000000000000000000000000000000
0.0000000000000000000000000000000000000000000000000000000000000000000000000000000000000000000000000000
0.0000000000000000000000000000000000000000000000000000000000000000000000000000000000000000000000000000
0.0000000000000000000000000000000000000000000000000000000000000000000000000000000000000000000000000000
0.0000000000000000000000000000000000000000000000000000000000000000000000000000000000000000000000000000
0.0000000000000000000000000000000000000000000000000000000000000000000000000000000000000000000000000000
0.0000000000000000000000000000000000000000000000000000000000000000000000000000000000000000000000000000
0.0000000000000000000000000000000000000000000000000000000000000000000000000000000000000000000000000000 
0.0000000000000000000000000000000000000000000000000000000000000000000000000000000000000000000000000000
0.0000000000000000000000000000000000000000000000000000000000000000000000000000000000000000000000000000
0.0000000000000000000000000000000000000000000000000000000000000000000000000000000000000000000000000000
0.0000000000000000000000000000000000000000000000000000000000000000000000000000000000000000000000000000
0.0000000000000000000000000000000000000000000000000000000000000000000000000000000000000000000000000000
0.0000000000000000000000000000000000000000000000000000000000000000000000000000000000000000000000000000
0.0000000000000000000000000000000000000000000000000000000000000000000000000000000000000000000000000000
0.0000000000000000000000000000000000000000000000000000000000000000000000000000000000000000000000000000
0.0000000000000000000000000000000000000000000000000000000000000000000000000000000000000000000000000000
0.0000000000000000000000000000000000000000000000000000000000000000000000000000000000000000000000000000
0.0000000000000000000000000000000000000000000000000000000000000000000000000000000000000000000000000000
0.0000000000000000000000000000000000000000000000000000000000000000000000000000000000000000000000000000
0.0000000000000000000000000000000000000000000000000000000000000000000000000000000000000000000000000000
0.0000000000000000000000000000000000000000000000000000000000000000000000000000000000000000000000000000
0.0000000000000000000000000000000000000000000000000000000000000000000000000000000000000000000000000000
0.0000000000000000000000000000000000000000000000000000000000000000000000000000000000000000000000000000
0.0000000000000000000000000000000000000000000000000000000000000000000000000000000000000000000000000000
0.0000000000000000000000000000000000000000000000000000000000000000000000000000000000000000000000000000
0.0000000000000000000000000000000000000000000000000000000000000000000000000000000000000000000000000000
0.0000000000000000000000000000000000000000000000000000000000000000000000000000000000000000000000000000
0.0000000000000000000000000000000000000000000000000000000000000000000000000000000000000000000000000000
0.0000000000000000000000000000000000000000000000000000000000000000000000000000000000000000000000000000
0.0000000000000000000000000000000000000000000000000000000000000000000000000000000000000000000000000000
0.0000000000000000000000000000000000000000000000000000000000000000000000000000000000000000000000000000
0.0000000000000000000000000000000000000000000000000000000000000000000000000000000000000000000000000000
0.0000000000000000000000000000000000000000000000000000000000000000000000000000000000000000000000000000
0.0000000000000000000000000000000000000000000000000000000000000000000000000000000000000000000000000000
0.0000000000000000000000000000000000000000000000000000000000000000000000000000000000000000000000000000
0.0000000000000000000000000000000000000000000000000000000000000000000000000000000000000000000000000000
0.0000000000000000000000000000000000000000000000000000000000000000000000000000000000000000000000000000
0.0000000000000000000000000000000000000000000000000000000000000000000000000000000000000000000000000000
0.0000000000000000000000000000000000000000000000000000000000000000000000000000000000000000000000000000
0.0000000000000000000000000000000000000000000000000000000000000000000000000000000000000000000000000000
0.0000000000000000000000000000000000000000000000000000000000000000000000000000000000000000000000000000
0.0000000000000000000000000000000000000000000000000000000000000000000000000000000000000000000000000000
0.0000000000000000000000000000000000000000000000000000000000000000000000000000000000000000000000000000
0.0000000000000000000000000000000000000000000000000000000000000000000000000000000000000000000000000000
0.0000000000000000000000000000000000000000000000000000000000000000000000000000000000000000000000000000
0.0000000000000000000000000000000000000000000000000000000000000000000000000000000000000000000000000000
0.0000000000000000000000000000000000000000000000000000000000000000000000000000000000000000000000000000
0.0000000000000000000000000000000000000000000000000000000000000000000000000000000000000000000000000000