0.0183652821554804484092068563773926934101533082479192566141108783570781049724689757689085941505956152
0.0424159579171108172692588752933741754518630016475981885779854942763787368275652672257333152471809220
0.0654254619297084542975399764040196457721196347218746923749464255907348235780093056354651819422268024
0.0860409171403302337280982775947823669507875380933264869061174773163297695741453730671845412813044431
0.1022713597040380028010456412050495486491454207330992083952159589146407953412127586264753365784814321
0.1117459637469270725512814047996516644926673255389006240113639634641468861970845142855903061090363723
0.1124381740014969520570646889760126122872537965579121628931747362109598030837481430992633989516212612
0.1036570119254945698392939739645007014318804314023411324452385321676923195002691000035884437283300271
0.0868161509992883698954985730034699317794316230512341929714386188165586035214085896924127020896779145
0.0653853772651268595425120474094058268924228005042621648510481548091166853450131655201771541412877014
0.0437962004440091922255017773092501082919731918475441532870317370385611374416428136897667469391293914
0.0257933077524706405196493888215081512194188454450658644219501306343099434331599009198509087330502441
0.0132028950018964607349579337974796284114295480266932547878985841446784165145542720629616894173587311
0.0058058009479065374868237757365725680196094486031464320043255226320548873895053168292969393800443349
0.0021675245009380521319564732928673987528894092040529758707557462316569178275706703100563950664660148
0.0006787839260392172020037122223918499014046799167918309289347004905816365875259548316910701037770932
0.0001760801305263082367953731777487701871379464415364436691320266005786213743957675781747217708482455
0.0000373350407912009542080850993439878813369751829042459376438391679473608410975370575161869251013681
0.0000063780429985946208108940418549652813305457729020424732780075019815588989194393340889436944115103
0.0000008639554329233502795331172026316881772628434186305607177171810991299677593437874145241452941930
0.0000000911349373301876084676581919046253564673621899119734934067611401874235500666929048518840677453
0.0000000073314729713544503667623111527633131685450711953268827998064868257823524639812142856099565328
0.0000000004387948215368129109986617899584798519565295978354198451834569884609524244851400945477457759
0.0000000000189606944949342719186512822056048812446102981057318655899815512234496618281376295136476103
0.0000000000005697969429919549761257037299558874649790041070747649470021409862803651253890773011418233
0.0000000000000113497343731781141687429114229098836955907290232724938045844032489104757987816082608846
0.0000000000000001405511255475300933002883337153485462131894802614991041512151315403538851140344065093
0.0000000000000000009895272965242480255677287982212449596643396403567442457365237922217306257878202132
0.0000000000000000000034676122001486545536017328171134855968835738594396368161337890765748891639964654
0.0000000000000000000000048715188307266656870559696094521810794013439653732548218703685679925390156414
0.0000000000000000000000000018251964514225296508222625060240130100013603190490109603760539264521300980
0.0000000000000000000000000000000656299543278746428173653911738015368834997270040363764609595318594156