0.0000009421158842032474690797780800401197635219171391800576068410083773645233488039027003139760973061
0.0000600956429996894784027984305983439859158455085064331944487829468580765940548237623391532731611237
0.0005573524113623562465956426752745203376417631345574097455180858600863779878736668801286461142394132
0.0025366086111641841409447379512874803832817161831042662999918286089376680826508803717268432615507806
0.0079303116796558145088888912565540958823934596739959873403770743662688746747015550309944349507693541
0.0196322362861780253777593292284457303918729413030913440087904824164609886840728066736066540357310762
0.0414364955785987750754465076140951873001537476503365451776451833257873890120608022979812360613184563
0.0778883275010665963738383901400745635540198243162567339380862020477563005704889185481859746953898295
0.1341004148916157620459453877398485013275235733357673408829877150940944917741616650789166384882844756
0.2155811633803680031739567314973345247360118826178513505724323387563545548895999800911775451536635644
0.3281064098254064405696455771774729498271591415117670895533343580267637498828451200079248750930756328
0.4776507634123256692417446384390292243715422013891787805674157306430525215327764641171258495738797669
0.6703835034180301005776836988995952898987026747292386277899446220806269839778765565083664597565388329
0.9127280245718796290661848516874578203579313164659133630901003884039067641920225414193867195152934198
1.2114827859296257962646366523180032829396309776003697232435335394878054399882882738185475703190061388
1.5740045619792568028673364984906615490470028572631612531360111691435330662600308129132008149629755359
2.0084607632055527979476779949929013730995662790538823463221276214171897924240594533448248485927237090
2.5241666791662548502129761217839151770989594802588150766201587863313812425483033575406499966225404547
3.1320367750372318525906737476671026425741194917572700674097711657980106624688911233538698292512648555
3.8451993063099240505607267360378986050699248600093997888672348417834696725512037571550194784077499484
4.6798558421929378398084454843396440397523943284347739746998177262599611874844075745233703695101279736
5.6565222339624289215555930279191947763623127658186850853695797597231297925450601114703105212678952025
6.8018861353397921527297795944452112567980463448136277609796526358875563702649257253399518255492907926
8.1517029304936407493531476823682946860540163773044810396328128945925033465111844772772780602057050052
9.7555275986648141255017537884347985396138683797915994106571009690647182485271468097588920057130628392
11.6848906345522513977840352763144720962414782105447967379306020988097145071722375899979749980599515696
14.0484311034801719963993649738881798879593204395422758982214203926566539663808703002237660382258354517
17.0224867901774345042223756193760926226546227837910988501694035834503601899753021262746936398508739528
20.9206889727799833016782205486468718716420752335932178412333690404453620829673110814338790932117289496
26.3814688172787785000340563096161735692692553599052277897802688393277806179497908921954537204004674624
35.0284805685358042126733935173967925568301921223997660520389299810377475976599202062826553798430301614
53.3937137778524908463531452120636353895294400776870441488110699425202656711471010618577541407764359685