0.0071621303644661207581137165384854664125837877235021057824378179653930259482307641294474377819747754
0.0376140095520005898032558409881807111178316592095182645379529144529184532006884992465806819931028730
0.0919088326214879066928020796038334209409118133304451871394720048610702931435188168105642294235876816
0.1692595602091492937030715689867758048488215001233710243554668077602754101664551059662167638826988858
0.2685975822568592148385062044836532402205841698968690524500694076707907229032158382292826955081549281
0.3886581295480949479075187813671662211568461348055183941908560298021828037898834634443452896744179055
0.5280603900453780398007794169206956814476777399235906055153763560042714115749136446448548315675823873
0.6853815321410673990077758750299160524159967023025096925507181810986250052841184817671590752056658870
0.8592194454123146589553425829342151315659066490346725457728697215322460945714520436038972149267374396
1.0482416457678492715794895775641890273080861566292930282861335882081565620716558866092625357684677039
1.2512203099659089800869874831586417804705585038433365457480152477347644514850793929125530785139121597
1.4670550984880730698196142721186464638719615893462801385633015582406458307429533889806894112878475784
1.6947862787461729544272730453991617400538424736150100510185056437530932267629521480353513376640891934
1.9336008777265692405906099837420650984667722011540352710165798709870168402065444760075000722820790719
2.1828344281138147246511879573061297793000931592577196723093177247286449288855003129743342869917760718
2.4419705420131878626183940518082497928798089702699949807371772641856108352981537150637199013307392995
2.7106402062583332335206989215574022108677900023046811916827293632877198242235239318269793542919776818
2.9886224421932470364940025460388400005259434732784861195545999231570449304122092200800012319824905091
3.2758478763825756406920745147275856354699026174044196211652774585856703115959913503304312985891566335
3.5724068855638556419008064671835990889835800105876518049333175675007097821202621169161551154821052057
3.8785643917983851457536264390792212860483159344695817147731341919215971933710179392802487467514000932
4.1947842417148003701321790691540412155558530230343371257311065356652208744512009857538199838355116314
4.5217676999890840860038482227418741766446150348249779460566479337571120696264010413214232290273088085
4.8605135176687966572741162412904088044843086076602805804555263694731269899937650789849056125005651716
5.2124125670297944681272362925740291215162948248601670255946740188578081598545021975015682013383125375
5.5794010258961074858810931706280267463275299629638478519371517273475370886489236856219963188372456925
5.9642195365118079391849373661855371423062896816512305349638457891992147850339713798515856247911471957
6.3708805847848037197537661939987023243521253976073465387503845960218869010933574287625713600102691118
6.8055911060857459727007935970099774096841305716229036686514234389058314528435131207889793089832162513
7.2788294508328637047532268365090264925757412269156591942643156608533292524047970745685491927861201911
7.8110934840442510145309666835823436106703049181741923696197868298895289915514401331583481507868901008
8.4563079149453293250565135997496233313996404415361869649269686398181280618689543217598299884665166545