0.0002937526628641612094919726424933900906024745426861618361235899136764491845124694386895464849499586
0.0006837819680129679903911776742350661738559602707376261709966878735041824586825363078164703428738079
0.0010743436201232366179121623777021754400441572792312972919141643015013917442153787176985692932829953
0.0014648807202804921054123681933587839004160120171949363060338307958072324368503141636914798224680244
0.0018553187799343866662785587265805717475688835705821761124521030097990069543286811855891772766515138
0.0022456096882700406710271013311078168033718473223492119919016359138379048025507008919023874570754834
0.0026357020937123258970175801316041206588763584643731745199666525464397348579511906274103883785327396
0.0030255356991222579572833790497360876301034263163263356783912934591864559305087308882722018522907344
0.0034150386649102412042589374455867061313003716984391111570238445815212803882126666143377177326273976
0.0038041256420763219839798513960897517973327942138513786034603958139395189390347557502201444127790776
0.0041926959846913956170620616376037864845313542575536598858030805558364542509841903334491041777800675
0.0045806320373525102507301538327655773041683241629546362593557448966552884305776708286044849097368667
0.0049677974714993491041333343171270376132464822714913264248034571691628544770213383602950521843530240
0.0053540356665544409993452431891274007433054339531148381016605640416810867688278375898143831242106958
0.0057391681395277802744840528278693341852626683898935737019049490287256402300177386950563921752855042
0.0061229930301513663418824889305799738334148244712961471241761959424016874328284845251721164750301626
0.0065052836506384167663107723705081240717095424149551342386492119450209046753902747586441754282363554
0.0068857871106984173304937430586701713150165867397813956504681910941962901465519892933677246045765997
0.0072642230297911706806110385026218747006982081254277129578526890164474675506083534082706899271831757
0.0076402823498782296460913685437782510941421788800024317669546799696006076976853619681146458820432631
0.0080136262631614775667438668658084609118484585970324264833753253440020736070701146329029770800822329
0.0083838852704883277601986858938150440123525470278022714756574708685313653215007864826163412083219318
0.0087506583872389721997241225118838498766535475563806588461378129993356331797914417321562659158472076
0.0091135125145735383598268855265503704304904730675905706632354140024794294344933224596400238678426744
0.0094719819948812381777634082648490176458725985034722307347014541094962110172672121701146387686004156
0.0098255683711113322897394120231910134160276114698534267422897318450734214704362218539733767374004754
0.0101737403703457866149551502191479520251094443315279256220738693695248737474530093497227688500175250
0.0105159341324622177143295279158259658375173830089811153172295244697962427722868507982960977976368919
0.0108515537049974258925966519114196108527318043782507642612302932679243374360734937324877356977927142
0.0111799718253192334008257015913753433699282425412937100626175016733974919572968569049762561314682767
0.0115005310109091490267847042035017255383592315708330916536032926098548859505678946847453714673094894
0.0118125449779117973425254638137900655286168647548846066836586868889356831126996509341977082864958547
0.0121153004070806001073785945264712014930091730528183724122004526996995617691487749985331348883486656
0.0124080590748055447552075978284067989476427902141755539486703673849545864041251637527035214337829288
0.0126900603650128126451480033773168508932869996928782385005483416033305549690064171996254317021748280
0.0129605241753455882840614908628285135782027571196082253153451554697628148955554243992437758447814425
0.0132186542281429973554685141643351477971722300333503766668970074207918813196989731886507221410696006
0.0134636417933080634120153135908003278821247299202096066929233305408757175083627664361122531710657908
0.0136946698261812479519705386337216106068378933406446608208493180350489775406401103126863426124633308
0.0139109175190076172583142829755179358294698461372285205016671064307054884398754685307745854914551157
0.0141115652595071922784461958549712916142176697641756509770178591202655322684047484379849298195863052
0.0142957999844454759621189414125906662507173359204394571022205058341998977835215302587351228267040708
0.0144628209099835189335564037776438180143512867684329756969318375980568785361695289397993558126094947
0.0146118456140076448288664449035555433655905577652596410318415407967185589346297950347983532856257962
0.0147421164386572310010145835939623856781148747724581942061185232664670632260700937573748227950890793
0.0148529071739604720798659677489519371092868964464504440917089373406291903913767566104622327147884884
0.0149435299759458894273431214171156389917794429041653875233191233572571453301328115225163369798425294
0.0150133424649321568348830555716983879849326467520514869102762882734257794983013867010025758619801766
0.0150617549420387687573061570657390579894198487486868028845424771247378043877930369432120623384967079
0.0150882376544502544392804474674027455698222166531889270905975846877522556991130837194787324874730087
0.0150923280327678295294732393733418419896221312449857950300208757322497533721756372531343841669821295
0.0150736378170692853023549476494811534448892348661506021693738203820735681973829611037188910151114870
0.0150318599822567096110387146661588167338448108823357094892302166892857724229283402677738936103579317
0.0149667753680967789925373156687616193620010232511644502629944834802472764491174682170309589982810564
0.0148782589152487681107999708786584109427256063906961505432107205139756698294432043734628382522414146
0.0147662854057299036917413197562781269124399099571613505731624643224011005468552044696800817991384492
0.0146309346048797757095871489294333996452316615481687668983993887726694550688822547244814041209150234
0.0144723957021377015865979662768150596312197522935629405521635983176690744474958321936168721585503147
0.0142909709500044538328775937201144221295738546395876354282101444483798158967162031517826233895270069
0.0140870784045640360397591787851985239008245539938739018361290678922810808090700664358721521366903182
0.0138612536770031464327623878179160281056785500600909331486959726656943575071993994477829032216076060
0.0136141506137593619659310111901493440857602754375624403963868821852962747404902016337752221913174480
0.0133465408332841396488593073289898059996155646744787492311869572434350092122823510658044035904611603
0.0130593120599043379813884945188954045790050145031872427588544739933714283278721913811651775349484611
0.0127534652098326099924417238082914963695019497903545765198285981358417718983240381840311922834581428
0.0124301102008809187613933567460176061218308813019160702978251092502924504669143835052937707344139475
0.0120904604756799483233845571188785245529784073147770598609296283167163742778467633143127557167513494
0.0117358262479459558573365489538031783816846881162031569517553603461312550344182528793821973585303612
0.0113676065022504851042104292285162924936903657458518376923676379371200188015257548978651224746107307
0.0109872797994644373294630759770842197929641865115929303116000572084166286407016529246187956884021613
0.0105963939621408553863416672557408869602292608175500606612576396787538068483337759584295419402565781
0.0101965547360999687406382011421435318574715920454192248894370629763715306545282581567056018595786000
0.0097894135458798254510841705268881332089840783086277876054176448113041216177089364937065040559314645
0.0093766544819870192530169735597814122878237147979253063168992274242870136293327919776148905894783280
0.0089599806764857697186475356766499487249232010947994282329486115835137985516040042908227305949080559
0.0085411002398668218632384019956216202531385741374483943358506304486992438897791014948227024272270876
0.0081217119458294838070172717170048727213445595541299443674632445599086048785780428402798886637000889
0.0077034908611193390407328142167292088921978486563839270425051916070559887679502296722919039422059925
0.0072880741244763376374303157392149126841181758390037014896976558081132704038483703812333466266551277
0.0068770470817222894960069504691161046127264227121616438836311310412196561880104640924821198086657990
0.0064719299828015597472902519113789838507794996395891452628164156758339988418711420814703399113961140
0.0060741654410349338706995986499816924921897204216435245657850728649463256160631043376166265932978874
0.0056851068449185971494462538091060226020560472059948864555730498569534536462397362437419661755944139
0.0053060078985834425808498111119884376422722126212884586452865012901980239659868446292854521335211630
0.0049380134487347788312238995399430921970338070769064836108636959187800180677375290315291672694298170
0.0045821517338535691545545623804110548249855529781375543622874006894720473160762002203025423568212366
0.0042393281661115242568952742751293292295339664854596102391264313261560989703629854638597045347521736
0.0039103207283973534457318346627415337558404540471298166325725817764284350594003691110872767399924255
0.0035957770387295644989487009455897537298675991183469236378678160136239910904742355996385869523281207
0.0032962131028791471844426491010601098901172768499664366164009040686679181126913655165459846025454048
0.0030120137440356233702342691475192492983686405274282577887701655222494549617433687672437586332394266
0.0027434346666454836751244062607000187025831571884621463644715377744877372979772548005061910945019296
0.0024906060809602196185513867458703795993078362876092042644841114003729680979987013092618341578045738
0.0022535377861555960598392177388772926041798455109370782135898561620399165117270459538216675391483653
0.0020321255838768111665851127276140476450246570619772543201067901372736416582143751927588311285024998
0.0018261588714004996583366644446231571065887345253994816449137531405469602350375551921823440270689813
0.0016353292448574519307371125084010887634330017573871458000788981507002106748722269714885464266420863
0.0014592399285809761884296262691271886728953321142325603605040666552651721246098260167569366048278910
0.0012974158369489044822412727720875364314811337235873075401770192011749892243792458746025973362334830
0.0011493140702379117785364454372475006581163594647006126308874353431133139143600948769452332498639430
0.0010143346460194314858267612125889399292016254599095628541768592229740141665544703781581374032076614
0.0008918312723572254037182618205179133200617913634975625256364592294380485355531405188513422842217516
0.0007811219782327466157316138088698128575577316967990567577024770990946960152511695864779619274146760
0.0006814994298086421250267910301867317627781556683246795285201838383223391479725700450949326314319983
0.0005922407778114130721367545779492963263609263392672426336608126715323000691568037830790059972766692
0.0005126169008473340702868434413759191441036695582962254205986163901915070021412271133059901777822000
0.0004419009311701268280562502779204294480797353634387976700185275214313846486814452185276847511443207
0.0003793759725638125696638233077886352425300312562750416189454845506657017394823894742025513701431133
0.0003243419438473485976257059713937993515394208711776731238062561841778829344380534738837423782439388
0.0002761215053229493357972740085292616361708424723442937431391757042207177607882274774593688365534388
0.0002340650485933304151142455667909867329406322561036501004060332225909418083842277725123940798862785
0.0001975547519455590498986776432148851566191847766923727521375919672397679050478062261706995874030303
0.0001660077234062201418833409361607489965593712221070082439415786165697618412387749222714264384544598
0.0001388782711788739661114301515640210830871388244486638796037510715223832590698531530881186010714952
0.0001156593561539356123326591945699682858027502212338562972925895905840044415088275118711188255366429
0.0000958832933204341304902738546882419754180357917857691749674033650722579978070825838211220594963198
0.0000791217781091073970612276822326477266549829142108798757715736683132864348215273710060161983137951
0.0000649853199654977595167450386339344142570644953982299515263736716311443114386150490210509618813398
0.0000531221688973669921323906392062667605535465655341722993526037262396297604572938856154072096295508
0.0000432168215559751108166296747906818441588279575673928545820632984722879158779750375103296077676689
0.0000349881918592075677210683495674315740827886365620789396159878239498702552296365061770541504743476
0.0000281875275633140646807689064482325243640785002153564578067075896000123991583653153826927960401171
0.0000225961488920168775537023485976470778177669794222885949122508729621009448784538480994809573866516
0.0000180230787080608954743068109142328006448756196686022262551749843223661221948033329082797257113818
0.0000143026261357374878119605670200155811735587621639649404710921815094489648577041763738519929013169
0.0000112919773732730290064120274718031063618405879985367808849126667366823320595970626559989912229347
0.0000088688390053567215043027475568822031207363245420032372609840812883162132823814575715150163106538
0.0000069291707370362739836945822544461640529596325453680681911176936616255778469238202842720794467484
0.0000053850363765265501890319359234365896751468835799681647570310145428130589255913215123339368983435
0.0000041625943048226068121114142604091574750773218979399267892677859194378902015791799600097721226216
0.0000032002417442159966746075255258400370829847888976601563331572357722020978962633930043430806533260
0.0000024469209875687377576400159795260668725913632261587360072703252020893789223564558587282406218045
0.0000018605904417812907215598531811895350169781610614401517832013427687023882410134432095562627341002
0.0000014068588975301822008448889575231528479242765177480666633670912984194245735124644949040566168206
0.0000010577778527677485431207877163271165486534011892791646379330534202484120907893987449968741184934
0.0000007907839501431226515463358257961360149216840585870532422444912301242864554619400049990168638338
0.0000005877815762106906173119907699128395359254696682475997925757050448618791853083768133540738033310
0.0000004343543346437190909130488247979185218243769649965827289005498761624459112726245684751213388124
0.0000003190933581952876854230576168654983103915834568073661665109685486872752144354342257214049514925
0.0000002330301717867509302150785296530607917263854451322179043980062452085684921475055117366117889504
0.0000001691619689059137939640041845620912054010163838699107187688209759969142744710109895215594251006
0.0000001220576264360061542268306414828715082746418096777522248145600064974276175727382383810751218131
0.0000000875334769089365099102324578343510305304652535332139444682399404206596406251914054393850170504
0.0000000623887086170473370095915449061622443162592148260073683665707286899004179135429166207585226870
0.0000000441912096997182203053915203333819672918951672351883880805361204335195619290683232955349093291
0.0000000311056594431532346281051242279282390513645029172813901452467683837726030573618420311951467750
0.0000000217566562137628663296739726103185866658590935352530485627527903516046873514849481465703168647
0.0000000151206241647144683481285813056054183678189040274380652575236874308722987188480598586745930998
0.0000000104411365475144362642765090001612001893359568187907837253105143423581353976626654077327484587
0.0000000071631164099220920690327327475073296971052855923100028478958769509901216090247208104674634127
0.0000000048821165810439449641950974110340531645249174144966741117276985743273489694800445981070676113
0.0000000033055364366917815726990790968434069771197048497488161198031929636145851673300595455629014185
0.0000000022232035042814101181640473140257023728999304473186586903517198647343445829732203485991539428
0.0000000014852371140183680680141479985420208075711564871269748336200538116700091705236827252394290168
0.0000000009855247831496853814799955197028040653034007878950064417230366857941162874754639061196601990
0.0000000006494869134159385853868029674637659863935810563978847300548374064456387799856795127385238075
0.0000000004250894361992687817472344438357769538910026819674816808183473639868467453760048486834412803
0.0000000002762951538685042120700657533635625758385799278000022764105480560225080192770773268672218486
0.0000000001783303673587968332367660227876954796567540364590949360487241676581063653365735796268092619
0.0000000001142911221058324470221759892020870992989302658185338350768913577865123555564753992081745007
0.0000000000727295598299794458914906115822723991004746321674422345112413114899222257910166707279136411
0.0000000000459511988502236277839756656863024774273648464987472444376177109450534414078291894760457505
0.0000000000288234759720697975953470059709206890351250935092383911588726742076796576361312628816358167
0.0000000000179488122813956724369486304543764741147540793553830482267080430087206718341427436241037573
0.0000000000110953551551832541899630847300863662338410790153303744012089385264857755664757021538417059
0.0000000000068083072682900050554315596649981751158569847633358551782388148217897604830292200986382701
0.0000000000041467312573928821020427200858485350126528120367864409586021372762124883476508448722692878
0.0000000000025067893000701298143952094252691341735482818852942366451169430817652053917688424516157073
0.0000000000015040123755800058308595860173362458681940927944508475842601563741096490421437772670562517
0.0000000000008955361030378528630780770154702479332538650392333483909882052976425129636486450955406953
0.0000000000005291629329376091607881082683952203360570286122204034449299522818759095393998394352542894
0.0000000000003102750915785048980112851982311531730402133989177057675797782162927194767531476631974239
0.0000000000001805228515116112473299396584547332723585219395652476146986197674140841175922947413613353
0.0000000000001042129918447010436481180660414178706164095370717770570806621542055855673838656830870699
0.0000000000000596887687129712217306373997549961007574885025546658857169566256096480700521908846332247
0.0000000000000339172912185225306929489255163584439882447741231978631741290323012003809427214862719093
0.0000000000000191198389325044578584777701595197618600600526238375969439792569311883612865873391738330
0.0000000000000106919915956278248541102122777917292074970029564222675871497689016855146930392511774845
0.0000000000000059309070208396070057188137446598534039439348677546357357307939994517495589717120510647
0.0000000000000032632368987630147912203323468451349944381918228867148149262704744144990773407091886117
0.0000000000000017808115300869778251721708517587488245722446732982153489123720292906740158678187340362
0.0000000000000009638425728300192251484541512832252788810016335588701196536288254874603718588722976692
0.0000000000000005173566043265585306287492376954338325718263932917996868397113930488492162147011614598
0.0000000000000002753890224189355882134160804141350363702116242378733889061354379557788510437596431025
0.0000000000000001453627085393888526887418310520341062981437257056947263849072009064119274347602139218
0.0000000000000000760827490047664713921402691908269714777703259528894396369396806038437187130400922346
0.0000000000000000394841938440205839901327704956315864674602916997355925137366671259389106720864783518
0.0000000000000000203161474817182434484366561728607820821779401532668256913487257588132416797778823712
0.0000000000000000103637655953092368542886187370530733498389459987553374792081959990790715403361937719
0.0000000000000000052411805293655437948521768807683469598283293186644519667697980954461448572534492359
0.0000000000000000026275631648164594641935313562508988270207948882947193565818541067996003308231898837
0.0000000000000000013057707681323280907056232200324536278571067673107981954591296500577060698757476275
0.0000000000000000006432024610104226979112775368563401463879234998629208883137882768869600462970579473
0.0000000000000000003140311307296063876615542793599205999488361627299154693892162258660087343475050306
0.0000000000000000001519564899593296961669209598879874125999443303891987034993775702775803225305852997
0.0000000000000000000728726671429090853300684209345936878936842495369075828445470756562457806507814710
0.0000000000000000000346326940266632639329970848642814080403366030390956495622673134972306040900944460
0.0000000000000000000163102810168456418612636798347449031130404339528337888373761330388390342201417128
0.0000000000000000000076114525542243793066509136419405533863037140625778260899874042766105630550201845
0.0000000000000000000035195081260920390121870127757832804146722089862964072692917920388328668214771599
0.0000000000000000000016124347051530713829333157215250436300973594015710974431129716400359014162158994
0.0000000000000000000007318894120089819060531992421720867375842753998995773682136403177381998824128773
0.0000000000000000000003291163012066228919539482790317488756379552733052639270098665498765362133231851
0.0000000000000000000001466126273129764750169467195835348603074132755981083208177493165485921880623843
0.0000000000000000000000646977051578230782051342726388851699328144418799266175595138503152679762554517
0.0000000000000000000000282799975144685769438764119397682301569593974785110611936680754819379945775906
0.0000000000000000000000122439156827468334461997210717479683462987479952872531508299956558531042928522
0.0000000000000000000000052503620922600932053754192118884585395072192210025443197190218645093341306085
0.0000000000000000000000022297883336156994473976198185486617018581810107514532368606027271278278145134
0.0000000000000000000000009378232169359894105394695384584132720317692108881896866275607805042863434392
0.0000000000000000000000003906058851300085020364704347245020197926802004859187811689057335483148523147
0.0000000000000000000000001610996329701693365727183658870800099807146345968697658088433953313100601270
0.0000000000000000000000000657908944929539012070618450806655503292048041846253885935676006469407335271
0.0000000000000000000000000266029627773300675547863527863673722500606165789258030342131721417572205060
0.0000000000000000000000000106503700886923355054904313954330438974409537137377599945604640545041881694
0.0000000000000000000000000042213111567540349256322156834309993038882549099123750956826268677053089436
0.0000000000000000000000000016563629089221051313292480677592049605460882811747138005259545121551373762
0.0000000000000000000000000006433785482636538892628618111986074729078883962087891694992785175271116186
0.0000000000000000000000000002473762941201265107290533431149144729569146867493960568902366714929912697
0.0000000000000000000000000000941472131309299304314018156929214623871273582425219597032610007353270494
0.0000000000000000000000000000354643657403189249771466799261456855931996096021263921438851281942467725
0.0000000000000000000000000000132217731451766905984350341932978784551065875985233833618958534977297090
0.0000000000000000000000000000048783999603095181327998512568842925699466121985699112577038664528925662
0.0000000000000000000000000000017812821165113816525319508484850099678154163255896077671783407246644420
0.0000000000000000000000000000006436251401159321253495358619042344836423513698980740533693529832391238
0.0000000000000000000000000000002301206767839793607462571435878925266717854316560044961886523437284538
0.0000000000000000000000000000000814100420303216474636819576178482102275072168386594071041120810195713
0.0000000000000000000000000000000284955684746192558889867230774920456162810799533616432583677566218780
0.0000000000000000000000000000000098680416193557617654419973805535237193055363398448317867442333032866
0.0000000000000000000000000000000033807743339562529051551792515739331336870850232925580168043791539577
0.0000000000000000000000000000000011458036150825452295316418562193847271044826087321237521277568270346
0.0000000000000000000000000000000003841405812786314647403434572937579582184716536637527431743090934709
0.0000000000000000000000000000000001273894176304460064029001822608156556448168481213117043651046555405
0.0000000000000000000000000000000000417846537383103739330933632368492988725494069379502702444761432266
0.0000000000000000000000000000000000135555657550351733501892701640154009701344210365759938134826608163
0.0000000000000000000000000000000000043492355198265953960878143186775053883347161788481113119569879725
0.0000000000000000000000000000000000013800018009493085849597451065070828910794279383211315863668821350
0.0000000000000000000000000000000000004330068790380674892635710065306725976860094289206721018338019356
0.0000000000000000000000000000000000001343492590183427984017980531503908139959646889046164848280687082
0.0000000000000000000000000000000000000412171505898656976713424988546723508242277432944581361857098691
0.0000000000000000000000000000000000000125025812981334499807182916366677584354734758875770851082951991
0.0000000000000000000000000000000000000037495332814050238014915562758263727491806466404474505523564922
0.0000000000000000000000000000000000000011116991096268732795030525813162023199037623848163219806529668
0.0000000000000000000000000000000000000003258415640588848725866862577387803809030058985544944709593908
0.0000000000000000000000000000000000000000944085842628461370084035479334935603958120361943642686781229
0.0000000000000000000000000000000000000000270382641970410996000836169612472190908942725378850985074536
0.0000000000000000000000000000000000000000076539377289352983120901229068002381148709817750730331602265
0.0000000000000000000000000000000000000000021414416596195960358868766196206985658022697660883556090518
0.0000000000000000000000000000000000000000005921327986242471060841081024531501389027167992943015374416
0.0000000000000000000000000000000000000000001618079321765049088455275960550723505911281392463342705443
0.0000000000000000000000000000000000000000000436942729460800873947987110113419451038443224330775973764
0.0000000000000000000000000000000000000000000116592165869613483099378707276492864330256144549953005708
0.0000000000000000000000000000000000000000000030740463592992829642599183967430554902073572823202262182
0.0000000000000000000000000000000000000000000008007991657229518349019538977373013888431093155557789243
0.0000000000000000000000000000000000000000000002061032555770882451992968140768892688735921443747700971
0.0000000000000000000000000000000000000000000000524046628602726981064447931180368193523915892066146706
0.0000000000000000000000000000000000000000000000131629903155978017946612250877812579577952398882948410
0.0000000000000000000000000000000000000000000000032659863429733882211397614521656286619096162590415956
0.0000000000000000000000000000000000000000000000008004327828514945938802481017844694675365597600740394
0.0000000000000000000000000000000000000000000000001937588302864519659213749627815789968229838933804204
0.0000000000000000000000000000000000000000000000000463233126254232602661341735018572755857595649279794
0.0000000000000000000000000000000000000000000000000109374080588360522723899336061288541112160339593144
0.0000000000000000000000000000000000000000000000000025502400053421953041690730881363367911379407485430
0.0000000000000000000000000000000000000000000000000005871844542684601868040990953507158065709121675152
0.0000000000000000000000000000000000000000000000000001334964800258185599584314715723046347344648824790
0.0000000000000000000000000000000000000000000000000000299668885779309801010680819901014114056396737702
0.0000000000000000000000000000000000000000000000000000066414782087026290993337016662956150268765174674
0.0000000000000000000000000000000000000000000000000000014531608233142283136133290084081320733340931550
0.0000000000000000000000000000000000000000000000000000003138794539124250032280512838294832530859623972
0.0000000000000000000000000000000000000000000000000000000669247409685895620645430133937741367739275652
0.0000000000000000000000000000000000000000000000000000000140850797496692850823523114001495709046432919
0.0000000000000000000000000000000000000000000000000000000029258684102897450303159244220146602741543231
0.0000000000000000000000000000000000000000000000000000000005998560900375275244965379440741357211166770
0.0000000000000000000000000000000000000000000000000000000001213696096921709934164420937208716508383893
0.0000000000000000000000000000000000000000000000000000000000242335532346119179663789429255309006667038
0.0000000000000000000000000000000000000000000000000000000000047746551814966981696138652558786466003588
0.0000000000000000000000000000000000000000000000000000000000009282352826062791217178711640173673605462
0.0000000000000000000000000000000000000000000000000000000000001780485716628477984489704747582242462594
0.0000000000000000000000000000000000000000000000000000000000000336942927771208380870519381982272547396
0.0000000000000000000000000000000000000000000000000000000000000062904908602818702965266981227083484626
0.0000000000000000000000000000000000000000000000000000000000000011584994059539989895550439089416806781
0.0000000000000000000000000000000000000000000000000000000000000002104567070916144087289756649292000610
0.0000000000000000000000000000000000000000000000000000000000000000377101119298663911877539903588480197
0.0000000000000000000000000000000000000000000000000000000000000000066642796897577078199545355148892041
0.0000000000000000000000000000000000000000000000000000000000000000011615048478506630434091879429480973
0.0000000000000000000000000000000000000000000000000000000000000000001996333758754153909577839464484647
0.0000000000000000000000000000000000000000000000000000000000000000000338346198359558990340814390188379
0.0000000000000000000000000000000000000000000000000000000000000000000056542760118357902183323672543097
0.0000000000000000000000000000000000000000000000000000000000000000000009316474476292252622334063932973
0.0000000000000000000000000000000000000000000000000000000000000000000001513408698302518052844773450215
0.0000000000000000000000000000000000000000000000000000000000000000000000242360495197730663149006661802
0.0000000000000000000000000000000000000000000000000000000000000000000000038259488303132758816308790329
0.0000000000000000000000000000000000000000000000000000000000000000000000005953313322271382519569633474
0.0000000000000000000000000000000000000000000000000000000000000000000000000913042312882398383558894093
0.0000000000000000000000000000000000000000000000000000000000000000000000000138008476060659068321169766
0.0000000000000000000000000000000000000000000000000000000000000000000000000020557637221106668404224780
0.0000000000000000000000000000000000000000000000000000000000000000000000000003017608421908579270929825
0.0000000000000000000000000000000000000000000000000000000000000000000000000000436459804196270184083813
0.0000000000000000000000000000000000000000000000000000000000000000000000000000062199445467511219371399
0.0000000000000000000000000000000000000000000000000000000000000000000000000000008732902809667657726435
0.0000000000000000000000000000000000000000000000000000000000000000000000000000001207895375044192223635
0.0000000000000000000000000000000000000000000000000000000000000000000000000000000164576212122068192887
0.0000000000000000000000000000000000000000000000000000000000000000000000000000000022087170361592081462
0.0000000000000000000000000000000000000000000000000000000000000000000000000000000002919552829270073844
0.0000000000000000000000000000000000000000000000000000000000000000000000000000000000380069951256068167
0.0000000000000000000000000000000000000000000000000000000000000000000000000000000000048724692219721148
0.0000000000000000000000000000000000000000000000000000000000000000000000000000000000006150921792004882
0.0000000000000000000000000000000000000000000000000000000000000000000000000000000000000764546169326402
0.0000000000000000000000000000000000000000000000000000000000000000000000000000000000000093563451485595
0.0000000000000000000000000000000000000000000000000000000000000000000000000000000000000011272339550910
0.0000000000000000000000000000000000000000000000000000000000000000000000000000000000000001336882410721
0.0000000000000000000000000000000000000000000000000000000000000000000000000000000000000000156066388866
0.0000000000000000000000000000000000000000000000000000000000000000000000000000000000000000017931968916
0.0000000000000000000000000000000000000000000000000000000000000000000000000000000000000000002027748463
0.0000000000000000000000000000000000000000000000000000000000000000000000000000000000000000000225648502
0.0000000000000000000000000000000000000000000000000000000000000000000000000000000000000000000024708566
0.0000000000000000000000000000000000000000000000000000000000000000000000000000000000000000000002662094
0.0000000000000000000000000000000000000000000000000000000000000000000000000000000000000000000000282178
0.0000000000000000000000000000000000000000000000000000000000000000000000000000000000000000000000029425
0.0000000000000000000000000000000000000000000000000000000000000000000000000000000000000000000000003018
0.0000000000000000000000000000000000000000000000000000000000000000000000000000000000000000000000000305
0.0000000000000000000000000000000000000000000000000000000000000000000000000000000000000000000000000030
0.0000000000000000000000000000000000000000000000000000000000000000000000000000000000000000000000000003
0.0000000000000000000000000000000000000000000000000000000000000000000000000000000000000000000000000000
0.0000000000000000000000000000000000000000000000000000000000000000000000000000000000000000000000000000
0.0000000000000000000000000000000000000000000000000000000000000000000000000000000000000000000000000000
0.0000000000000000000000000000000000000000000000000000000000000000000000000000000000000000000000000000
0.0000000000000000000000000000000000000000000000000000000000000000000000000000000000000000000000000000
0.0000000000000000000000000000000000000000000000000000000000000000000000000000000000000000000000000000
0.0000000000000000000000000000000000000000000000000000000000000000000000000000000000000000000000000000
0.0000000000000000000000000000000000000000000000000000000000000000000000000000000000000000000000000000
0.0000000000000000000000000000000000000000000000000000000000000000000000000000000000000000000000000000
0.0000000000000000000000000000000000000000000000000000000000000000000000000000000000000000000000000000
0.0000000000000000000000000000000000000000000000000000000000000000000000000000000000000000000000000000
0.0000000000000000000000000000000000000000000000000000000000000000000000000000000000000000000000000000
0.0000000000000000000000000000000000000000000000000000000000000000000000000000000000000000000000000000
0.0000000000000000000000000000000000000000000000000000000000000000000000000000000000000000000000000000
0.0000000000000000000000000000000000000000000000000000000000000000000000000000000000000000000000000000
0.0000000000000000000000000000000000000000000000000000000000000000000000000000000000000000000000000000
0.0000000000000000000000000000000000000000000000000000000000000000000000000000000000000000000000000000
0.0000000000000000000000000000000000000000000000000000000000000000000000000000000000000000000000000000
0.0000000000000000000000000000000000000000000000000000000000000000000000000000000000000000000000000000
0.0000000000000000000000000000000000000000000000000000000000000000000000000000000000000000000000000000
0.0000000000000000000000000000000000000000000000000000000000000000000000000000000000000000000000000000
0.0000000000000000000000000000000000000000000000000000000000000000000000000000000000000000000000000000
0.0000000000000000000000000000000000000000000000000000000000000000000000000000000000000000000000000000
0.0000000000000000000000000000000000000000000000000000000000000000000000000000000000000000000000000000
0.0000000000000000000000000000000000000000000000000000000000000000000000000000000000000000000000000000
0.0000000000000000000000000000000000000000000000000000000000000000000000000000000000000000000000000000
0.0000000000000000000000000000000000000000000000000000000000000000000000000000000000000000000000000000
0.0000000000000000000000000000000000000000000000000000000000000000000000000000000000000000000000000000
0.0000000000000000000000000000000000000000000000000000000000000000000000000000000000000000000000000000
0.0000000000000000000000000000000000000000000000000000000000000000000000000000000000000000000000000000
0.0000000000000000000000000000000000000000000000000000000000000000000000000000000000000000000000000000
0.0000000000000000000000000000000000000000000000000000000000000000000000000000000000000000000000000000
0.0000000000000000000000000000000000000000000000000000000000000000000000000000000000000000000000000000
0.0000000000000000000000000000000000000000000000000000000000000000000000000000000000000000000000000000
0.0000000000000000000000000000000000000000000000000000000000000000000000000000000000000000000000000000
0.0000000000000000000000000000000000000000000000000000000000000000000000000000000000000000000000000000
0.0000000000000000000000000000000000000000000000000000000000000000000000000000000000000000000000000000
0.0000000000000000000000000000000000000000000000000000000000000000000000000000000000000000000000000000
0.0000000000000000000000000000000000000000000000000000000000000000000000000000000000000000000000000000
0.0000000000000000000000000000000000000000000000000000000000000000000000000000000000000000000000000000
0.0000000000000000000000000000000000000000000000000000000000000000000000000000000000000000000000000000
0.0000000000000000000000000000000000000000000000000000000000000000000000000000000000000000000000000000
0.0000000000000000000000000000000000000000000000000000000000000000000000000000000000000000000000000000
0.0000000000000000000000000000000000000000000000000000000000000000000000000000000000000000000000000000
0.0000000000000000000000000000000000000000000000000000000000000000000000000000000000000000000000000000
0.0000000000000000000000000000000000000000000000000000000000000000000000000000000000000000000000000000
0.0000000000000000000000000000000000000000000000000000000000000000000000000000000000000000000000000000
0.0000000000000000000000000000000000000000000000000000000000000000000000000000000000000000000000000000
0.0000000000000000000000000000000000000000000000000000000000000000000000000000000000000000000000000000
0.0000000000000000000000000000000000000000000000000000000000000000000000000000000000000000000000000000
0.0000000000000000000000000000000000000000000000000000000000000000000000000000000000000000000000000000
0.0000000000000000000000000000000000000000000000000000000000000000000000000000000000000000000000000000
0.0000000000000000000000000000000000000000000000000000000000000000000000000000000000000000000000000000
0.0000000000000000000000000000000000000000000000000000000000000000000000000000000000000000000000000000
0.0000000000000000000000000000000000000000000000000000000000000000000000000000000000000000000000000000
0.0000000000000000000000000000000000000000000000000000000000000000000000000000000000000000000000000000
0.0000000000000000000000000000000000000000000000000000000000000000000000000000000000000000000000000000
0.0000000000000000000000000000000000000000000000000000000000000000000000000000000000000000000000000000
0.0000000000000000000000000000000000000000000000000000000000000000000000000000000000000000000000000000
0.0000000000000000000000000000000000000000000000000000000000000000000000000000000000000000000000000000
0.0000000000000000000000000000000000000000000000000000000000000000000000000000000000000000000000000000
0.0000000000000000000000000000000000000000000000000000000000000000000000000000000000000000000000000000
0.0000000000000000000000000000000000000000000000000000000000000000000000000000000000000000000000000000
0.0000000000000000000000000000000000000000000000000000000000000000000000000000000000000000000000000000
0.0000000000000000000000000000000000000000000000000000000000000000000000000000000000000000000000000000
0.0000000000000000000000000000000000000000000000000000000000000000000000000000000000000000000000000000
0.0000000000000000000000000000000000000000000000000000000000000000000000000000000000000000000000000000
0.0000000000000000000000000000000000000000000000000000000000000000000000000000000000000000000000000000
0.0000000000000000000000000000000000000000000000000000000000000000000000000000000000000000000000000000
0.0000000000000000000000000000000000000000000000000000000000000000000000000000000000000000000000000000
0.0000000000000000000000000000000000000000000000000000000000000000000000000000000000000000000000000000
0.0000000000000000000000000000000000000000000000000000000000000000000000000000000000000000000000000000
0.0000000000000000000000000000000000000000000000000000000000000000000000000000000000000000000000000000
0.0000000000000000000000000000000000000000000000000000000000000000000000000000000000000000000000000000
0.0000000000000000000000000000000000000000000000000000000000000000000000000000000000000000000000000000
0.0000000000000000000000000000000000000000000000000000000000000000000000000000000000000000000000000000
0.0000000000000000000000000000000000000000000000000000000000000000000000000000000000000000000000000000
0.0000000000000000000000000000000000000000000000000000000000000000000000000000000000000000000000000000
0.0000000000000000000000000000000000000000000000000000000000000000000000000000000000000000000000000000
0.0000000000000000000000000000000000000000000000000000000000000000000000000000000000000000000000000000
0.0000000000000000000000000000000000000000000000000000000000000000000000000000000000000000000000000000
0.0000000000000000000000000000000000000000000000000000000000000000000000000000000000000000000000000000
0.0000000000000000000000000000000000000000000000000000000000000000000000000000000000000000000000000000
0.0000000000000000000000000000000000000000000000000000000000000000000000000000000000000000000000000000
0.0000000000000000000000000000000000000000000000000000000000000000000000000000000000000000000000000000
0.0000000000000000000000000000000000000000000000000000000000000000000000000000000000000000000000000000
0.0000000000000000000000000000000000000000000000000000000000000000000000000000000000000000000000000000
0.0000000000000000000000000000000000000000000000000000000000000000000000000000000000000000000000000000
0.0000000000000000000000000000000000000000000000000000000000000000000000000000000000000000000000000000
0.0000000000000000000000000000000000000000000000000000000000000000000000000000000000000000000000000000
0.0000000000000000000000000000000000000000000000000000000000000000000000000000000000000000000000000000
0.0000000000000000000000000000000000000000000000000000000000000000000000000000000000000000000000000000
0.0000000000000000000000000000000000000000000000000000000000000000000000000000000000000000000000000000
0.0000000000000000000000000000000000000000000000000000000000000000000000000000000000000000000000000000
0.0000000000000000000000000000000000000000000000000000000000000000000000000000000000000000000000000000
0.0000000000000000000000000000000000000000000000000000000000000000000000000000000000000000000000000000
0.0000000000000000000000000000000000000000000000000000000000000000000000000000000000000000000000000000
0.0000000000000000000000000000000000000000000000000000000000000000000000000000000000000000000000000000
0.0000000000000000000000000000000000000000000000000000000000000000000000000000000000000000000000000000
0.0000000000000000000000000000000000000000000000000000000000000000000000000000000000000000000000000000
0.0000000000000000000000000000000000000000000000000000000000000000000000000000000000000000000000000000
0.0000000000000000000000000000000000000000000000000000000000000000000000000000000000000000000000000000
0.0000000000000000000000000000000000000000000000000000000000000000000000000000000000000000000000000000
0.0000000000000000000000000000000000000000000000000000000000000000000000000000000000000000000000000000
0.0000000000000000000000000000000000000000000000000000000000000000000000000000000000000000000000000000
0.0000000000000000000000000000000000000000000000000000000000000000000000000000000000000000000000000000
0.0000000000000000000000000000000000000000000000000000000000000000000000000000000000000000000000000000
0.0000000000000000000000000000000000000000000000000000000000000000000000000000000000000000000000000000
0.0000000000000000000000000000000000000000000000000000000000000000000000000000000000000000000000000000
0.0000000000000000000000000000000000000000000000000000000000000000000000000000000000000000000000000000
0.0000000000000000000000000000000000000000000000000000000000000000000000000000000000000000000000000000
0.0000000000000000000000000000000000000000000000000000000000000000000000000000000000000000000000000000
0.0000000000000000000000000000000000000000000000000000000000000000000000000000000000000000000000000000
0.0000000000000000000000000000000000000000000000000000000000000000000000000000000000000000000000000000
0.0000000000000000000000000000000000000000000000000000000000000000000000000000000000000000000000000000
0.0000000000000000000000000000000000000000000000000000000000000000000000000000000000000000000000000000
0.0000000000000000000000000000000000000000000000000000000000000000000000000000000000000000000000000000
0.0000000000000000000000000000000000000000000000000000000000000000000000000000000000000000000000000000
0.0000000000000000000000000000000000000000000000000000000000000000000000000000000000000000000000000000
0.0000000000000000000000000000000000000000000000000000000000000000000000000000000000000000000000000000
0.0000000000000000000000000000000000000000000000000000000000000000000000000000000000000000000000000000
0.0000000000000000000000000000000000000000000000000000000000000000000000000000000000000000000000000000
0.0000000000000000000000000000000000000000000000000000000000000000000000000000000000000000000000000000
0.0000000000000000000000000000000000000000000000000000000000000000000000000000000000000000000000000000
0.0000000000000000000000000000000000000000000000000000000000000000000000000000000000000000000000000000
0.0000000000000000000000000000000000000000000000000000000000000000000000000000000000000000000000000000
0.0000000000000000000000000000000000000000000000000000000000000000000000000000000000000000000000000000
0.0000000000000000000000000000000000000000000000000000000000000000000000000000000000000000000000000000
0.0000000000000000000000000000000000000000000000000000000000000000000000000000000000000000000000000000
0.0000000000000000000000000000000000000000000000000000000000000000000000000000000000000000000000000000
0.0000000000000000000000000000000000000000000000000000000000000000000000000000000000000000000000000000
0.0000000000000000000000000000000000000000000000000000000000000000000000000000000000000000000000000000
0.0000000000000000000000000000000000000000000000000000000000000000000000000000000000000000000000000000
0.0000000000000000000000000000000000000000000000000000000000000000000000000000000000000000000000000000
0.0000000000000000000000000000000000000000000000000000000000000000000000000000000000000000000000000000
0.0000000000000000000000000000000000000000000000000000000000000000000000000000000000000000000000000000
0.0000000000000000000000000000000000000000000000000000000000000000000000000000000000000000000000000000
0.0000000000000000000000000000000000000000000000000000000000000000000000000000000000000000000000000000
0.0000000000000000000000000000000000000000000000000000000000000000000000000000000000000000000000000000
0.0000000000000000000000000000000000000000000000000000000000000000000000000000000000000000000000000000
0.0000000000000000000000000000000000000000000000000000000000000000000000000000000000000000000000000000
0.0000000000000000000000000000000000000000000000000000000000000000000000000000000000000000000000000000
0.0000000000000000000000000000000000000000000000000000000000000000000000000000000000000000000000000000
0.0000000000000000000000000000000000000000000000000000000000000000000000000000000000000000000000000000
0.0000000000000000000000000000000000000000000000000000000000000000000000000000000000000000000000000000
0.0000000000000000000000000000000000000000000000000000000000000000000000000000000000000000000000000000
0.0000000000000000000000000000000000000000000000000000000000000000000000000000000000000000000000000000
0.0000000000000000000000000000000000000000000000000000000000000000000000000000000000000000000000000000
0.0000000000000000000000000000000000000000000000000000000000000000000000000000000000000000000000000000
0.0000000000000000000000000000000000000000000000000000000000000000000000000000000000000000000000000000
0.0000000000000000000000000000000000000000000000000000000000000000000000000000000000000000000000000000
0.0000000000000000000000000000000000000000000000000000000000000000000000000000000000000000000000000000
0.0000000000000000000000000000000000000000000000000000000000000000000000000000000000000000000000000000
0.0000000000000000000000000000000000000000000000000000000000000000000000000000000000000000000000000000
0.0000000000000000000000000000000000000000000000000000000000000000000000000000000000000000000000000000
0.0000000000000000000000000000000000000000000000000000000000000000000000000000000000000000000000000000
0.0000000000000000000000000000000000000000000000000000000000000000000000000000000000000000000000000000
0.0000000000000000000000000000000000000000000000000000000000000000000000000000000000000000000000000000
0.0000000000000000000000000000000000000000000000000000000000000000000000000000000000000000000000000000
0.0000000000000000000000000000000000000000000000000000000000000000000000000000000000000000000000000000
0.0000000000000000000000000000000000000000000000000000000000000000000000000000000000000000000000000000
0.0000000000000000000000000000000000000000000000000000000000000000000000000000000000000000000000000000
0.0000000000000000000000000000000000000000000000000000000000000000000000000000000000000000000000000000
0.0000000000000000000000000000000000000000000000000000000000000000000000000000000000000000000000000000
0.0000000000000000000000000000000000000000000000000000000000000000000000000000000000000000000000000000
0.0000000000000000000000000000000000000000000000000000000000000000000000000000000000000000000000000000
0.0000000000000000000000000000000000000000000000000000000000000000000000000000000000000000000000000000
0.0000000000000000000000000000000000000000000000000000000000000000000000000000000000000000000000000000
0.0000000000000000000000000000000000000000000000000000000000000000000000000000000000000000000000000000
0.0000000000000000000000000000000000000000000000000000000000000000000000000000000000000000000000000000
0.0000000000000000000000000000000000000000000000000000000000000000000000000000000000000000000000000000
0.0000000000000000000000000000000000000000000000000000000000000000000000000000000000000000000000000000
0.0000000000000000000000000000000000000000000000000000000000000000000000000000000000000000000000000000
0.0000000000000000000000000000000000000000000000000000000000000000000000000000000000000000000000000000
0.0000000000000000000000000000000000000000000000000000000000000000000000000000000000000000000000000000
0.0000000000000000000000000000000000000000000000000000000000000000000000000000000000000000000000000000
0.0000000000000000000000000000000000000000000000000000000000000000000000000000000000000000000000000000
0.0000000000000000000000000000000000000000000000000000000000000000000000000000000000000000000000000000
0.0000000000000000000000000000000000000000000000000000000000000000000000000000000000000000000000000000
0.0000000000000000000000000000000000000000000000000000000000000000000000000000000000000000000000000000
0.0000000000000000000000000000000000000000000000000000000000000000000000000000000000000000000000000000
0.0000000000000000000000000000000000000000000000000000000000000000000000000000000000000000000000000000
0.0000000000000000000000000000000000000000000000000000000000000000000000000000000000000000000000000000
0.0000000000000000000000000000000000000000000000000000000000000000000000000000000000000000000000000000
0.0000000000000000000000000000000000000000000000000000000000000000000000000000000000000000000000000000
0.0000000000000000000000000000000000000000000000000000000000000000000000000000000000000000000000000000
0.0000000000000000000000000000000000000000000000000000000000000000000000000000000000000000000000000000
0.0000000000000000000000000000000000000000000000000000000000000000000000000000000000000000000000000000
0.0000000000000000000000000000000000000000000000000000000000000000000000000000000000000000000000000000