0.0001144647748194365878071870979099211459461396971384496362936134960761024887804222201006298009674923
0.0006031001085414557374398827853211630423303766251742834841005530884995298282090669106122545765912264
0.0014821600602529262385334275655627201843417195402939147357927408160263519978047696848715342628669831
0.0027517841661264755860941702496885027090150650986939821854213930579090855457076747897944206481765256
0.0044119158814471204961487106925846062326290810466877358887870416779901929194906604670049871946124797
0.0064624557445249462344594408589547430092490236283207499614044302057714183865767224115593159708116660
0.0089032758101649631190022925024748849321922225159264095453831654137441733587835518486423565349448889
0.0117342223778598193811806022850244920216591549590960502574418620584830889330079851504983546867950343
0.0149551167585074675620642919967930247457052992541417401375704821334760573035504234038858516172162244
0.0185657555737251852249685216667683744251269283442202166636977265954487555145497987973843674256400977
0.0225659109187129241396382069366486904300834188443323838283394070448494466615546381685256115199329826
0.0269553304815765441711129993357646878289029358507037161617438115058491734222794947092551246112736839
0.0317337376499526998068996632778988375934247215663331977622925491096689149183918985798778969176142657
0.0369008316165314539224479264448137137082347831793239517317594367499595563968868586995832342792174764
0.0424562874882664925456271969349334327679732669802659524002172393858043598520188777851335575722702234
0.0483997564013916007011783676369145559007617714837532856289038996927960723758959122806248234237840439
0.0547308656432201751265863843373884844854034350066126408775899699883436338763519516827168581334311296
0.0614492187811796885700253530999752195025058510210100184013251008731081474047890756028200907102913536
0.0685543957992758202577115698082139098539235825378946488584533568105439520795367304123598438560202508
0.0760459532420472515171898592474072579387266440963054418561381929508803600714443143984049268996044840
0.0839234243659984944977559658251345417373762752175343358161332187447164158134840447810683528559736865
0.0921863192984551302406255271971267672525974834884596782162917881088279845467712799594484788899941318
0.1008341252037591387509672152198695638859230192780860118060504476406429804310571978980689324022574550
0.1098663064567043256114180098770765011772914640297287814643494678521702142174931155941265106383590942
0.1192823048230993498993579168652721485147526754213324497126264231136495971116994310714164130059706156
0.1290815396473364475755903377254996291893853945278893347342212627319698661320053714729079925971003403
0.1392634080468364519197525994664740346884708341738604925466690936077103064335034029121496502216053611
0.1498272851132344640828127376238363915825905654542870953086823000715665498634073441448225110561918058
0.1607725241201651255055389115067303481827194025353133058833096779579910826247780524120532700498511876
0.1720984567375016511754544103555925827538936137094481699344359568500314911765243637751681278684321730
0.1838043932518984523357987338258532847407246569214824879903916703012080600450532126570249425472763027
0.1958896227934832183877210174147453391202568827924981083568866907966378463651959103777380502574882479
0.2083534135685406829518651818154575169041941829248286978606230844946753496980921913009352711333261910
0.2211950130980269316977689226215853481305760082720554242331201511099246078254455650054812122936879829
0.2344136484617499958887130879706777289710754191592377972753057988039447732304611743843072003886128152
0.2480085265480496001004392365285621581527477843455940921642984200422935067443274929933429916242430957
0.2619788343088062849466211031856602015951922838596376924268556976978634572419323167994698143376994692
0.2763237390196076989026993074973957623291067199699177953387713521436010332302957427054657174019315755
0.2910423885448976425964598577099677591449259593179523232566079603382597633778378353281706891946694578
0.3061339116079314506839508208493897496273483944771209131511226708676007909620710635849806411673948572
0.3215974180653595079085596045710317196220123055563804968711774464323754868996141352988295216979235918
0.3374319991862591148583704896081639871866117528346272129102620471066441675479005798218488700080238619
0.3536367279354335432226308905820956346937182942175486842774461634416786966642768435232621948299226718
0.3702106592607959479976948050417980140963276890295431442497548343292670996065032926730865956425181158
0.3871528303846548330615183209399764515572148495803760570751457417560836582765495965873172363877867383
0.4044622610987169946684554983358005294154130272514552696856303098796124658269189102938405582077046579
0.4221379540626232924004398812607305589062932038856557896723723551782189777293232482299754899923862921
0.4401788951058322164472827023787987697129471984212614922946463267807386434318233017784107758085688812
0.4585840535326660310731253449599016677821898096105407756853470835268837306810887377742412554353420536
0.4773523824303342738382028542992587780304748612804806604744621865023885349344859514426833062355883999
0.4964828189797495754460575352084459030016532301215869659517256974908923981733583723829480327905645339
0.5159742847689511326186056243046754391189597589129551837512529840405974663434517342065168054709624870
0.5358256861089517125924793863582340900563915514817122524413190658287740528579123852968852864892236629
0.5560359143518247888984454791120181477445724217763851706784043614684858030061266434585341682804497915
0.5766038462108493000490341793411715330847660308164837553872800146859042580642114600296221550933862363
0.5975283440825305814435989026233102717469212523496101225297334503863492300579686394214035215430020388
0.6188082563703172418490786529430041611753675114020506593719418668279985466655743764446644130202343668
0.6404424178098351347023813208441430603904194241027870649535865550671551177215639759443709735592897948
0.6624296497954611065211274647126436288356559292025981511206580254571614111459366381806235696320035616
0.6847687607080608850710078859675471921093823691365953981928207772254886624203762046048532890955339133
0.7074585462437172936529248285916824088952292061444126581310088741886001915352894581791000066638745852
0.7304977897432769398517696965745440054169291412517226546727993221254174001479108394113387605759536825
0.7538852625225456221317233929074117670442456955665499509567612906472634220093869211056828014018090599
0.7776197242029649204737580251782917354922268676261110247929187722393116010849818974199024623362027615
0.8016999230426047824483891324123785269000141844305423432049887739655182383144912395687192910576182547
0.8261245962673093782474107799709281938583254455478689375215419313059712046887381983908999987713419058
0.8508924704018360717493783215904366517676195000922481584958611955721530636001741290938024357212015440
0.8760022616008300341045432804560193303532921136025041650071587167167656260309841505901127630374476634
0.9014526759794798059998886660632420934090741104107532394188009319335253629016095863562110175419504748
0.9272424099437019890842785609308317922761960952718025214636495196736483567102641082929188948781634925
0.9533701505197062103657754056894718805828364824384317008927321962698076912510887174680055447762142925
0.9798345756827945501051996695888862919284930721044542408387882661004517093456124132855686799698429545
1.0066343546852527481992732175125412229172226715056907633995946870252386115203119002738593238985240729
1.0337681483831937006709789037530825294449544340181180422717438559465965487470567558034502988673200653
1.0612346095622170210925774391692036773674966906383805901445626790529246735415054516866389307928197983
1.0890323832617517660270733718735360900462525446185233234328530310461465429443293131746877067334341543
1.1171601070979528034057965045529284958538268497435039222463585364018592952570650925372119851946424782
1.1456164115850247327411171493059461786355792615846542213856568112890436937348297367497715143160192679
1.1743999204548507408496662063056507648101844057956684084506270146637064553678465360296191597658838192
1.2035092509748072910540434962747109512583465706271700692268492977590068959204565616990678832523105234
1.2329430142636490924445965215489482399112814665636065149967035453673763596258261060484386283158643073
1.2626998156053523736129183738552004278805068453496258327788103982131992804157733076040161758697589306
1.2927782547608080873083254624120147906286332541065334098068572076019938916494589022232029193659756203
1.3231769262772602938147984234100595530430130230465552864107448670737071260933802208240449947328920868
1.3538944197953886067056971338123277092008441198196374924458482597214743765514225905404407299805598123
1.3849293203539372303294072910398822294322867223336929824202639230791101225966339308660231182550213153
1.4162802086917967693538186747358959637471794158066256636616812011791716988466774555021119628161245777
1.4479456615474486425191124405131127589006110971885122269341830763155625373721755918382622847224196266
1.4799242519556855811139044376972308838615195640994682955280868547622711746914897977467168797034535730
1.5122145495415253334294543329155418557444112395910786508579445202433798758780300756459540220794880141
1.5448151208112383255267458229533139815871245882095215887222647044054225592931940311396111473517459775
1.5777245294404136421772260238126645979172795534379301152520329012877580191352299913175438793361148995
1.6109413365589912860568972185712232257127607367097047325290925754450354636912958865048118405651823746
1.6444641010331922445759612484688485925464982883165525857119850031032036094440654078754252100850859717
1.6782913797442814386483242445152336570053716587453699954902241046193239205744475647805817747439984499
1.7124217278641021429295887595528813036959880689873765403251079679094815011938967624421667045372711308
1.7468536991273239494088442618832274190440421785496468200989793831780470155701622695866945432466077179
1.7815858461003497927068820068059206844905667129422809141064165246848874014258603023045773792231407633
1.8166167204468309631380187969362003604508653926343753432530992542527776350214762374215862016762475805
1.8519448731897423998093777924161150716505642911616986722571795543245494035549470316908040860813578629
1.8875688549699738781829442969473685739259185624560347605881344810881967933014482053321673298194825482
1.9234872163013959821818206289195292602312939532619927918365666850885503205660200763789784944988857186
1.9596985078223629777988113213521950559727669795690566109914142124961485381289457036863203918946112909
1.9962012805436178811236110788141544738835553169634519105653223342687239889635771393256663350897521322
2.0329940860925681367486234099188627176451731117504023520903844922794286044341435652271900958971854070
2.0700754769539033907885727741577599266492830109874036305662223492802182881649217704476540724038697154
2.1074440067065298545409491346590014397213265161942207312351195866985405423676243247356010456026678054
2.1450982302567987085456998320385521499353670087799319694394283899046809878282550784200801383531368247
2.1830367040680088910312198205869822569517345097908016242046971797615428247167635796402314667689052046
2.2212579863861674481497713501239580356708603453316493162245267260607371191930629875384107813220677986
2.2597606374619933948288507016060279092932140561154396700058215306730830207562501154890681202435039122
2.2985432197691537434423559071811873566770749039231732112292445489623898621077825261292211822190912690
2.3376042982187230019070824805110146100039040766348094092114003288132884271550711445300000507729315040
2.3769424403698600224270522202187574155089696371200281542296358826884550295241119011940314972292916124
2.4165562166366985962487380474657958293636659282536549625484324536369592420206691525489650251119608096
2.4564442004914506378765938964687948271923530597783525078449146091762642670358146701342194127245494749
2.4966049686637231837631149652059014448038964252010941321126208805873337246576607093798313990104211144
2.5370371013360527451705624538564011155417306736151973306548017055963139485767877528734299128864286315
2.5777391823356628024454552193013795664920258329954586330854113646770451089614925912214418297547556904
2.6187097993224524081946239984628605766469636219038770288743698972486929551678338923149312407839195024
2.6599475439732259797417202493358566205305984857551196153294005394208928291324369458380933397504250003
2.7014510121621764068065476358631750022905384166235278085296879991841570870288067913707823166320776387
2.7432188041376355787059808407174085935750736722293839934939596699779677067750639551459700628373232391
2.7852495246951083467289168760132241153990573987407856710100943081475074138165369122131799169496887418
2.8275417833466077819741109473637337386686814893826918683855420536976122424324696411271062397232459304
2.8700941944863113672216703141795997227409630620543271170910658885795111148033256130933514052781380110
2.9129053775525594737728321897970185481523601190491690542709108549593826252103363554126348757399840879
2.9559739571862191211447886694845912839475875291926850526781265227294445880384577443967325389127197830
2.9992985633854375996203723493339215854098736436306129432146070300781866111735675918972654368865028033
3.0428778316568120535616650331792786773321938415577211693150844010124775693576492581190650306052528434
3.0867104031630025777964018842106822155633825523271559350607758222974511507159869690834014830428602158
3.1307949248668177710263315758870478415464965784324310782445385829105022248511953676806502550343220862
3.1751300496718030198894618718497558599791168491097057446541695646392961181113064860120721552692124565
3.2197144365593630558840506455767542160491264555246065601535859788349047819100876817258250531403932196
3.2645467507224515357273135927436016123193621282149546586308191144610254444520841353334473892264448138
3.3096256636958615448141983503810384232657697957227795183397428634357291925189416259522563887866909858
3.3549498534831520142381783532582995384619254817221783340803340919380546423366206200435157600211371483
3.4005180046802460753495590862688904542042470654175647429778752144495430956458842174173905960316083553
3.4463288085957383531026893004565059470303527636179650416243011757980717593316468792570101057299770920
3.4923809633679491215569141856606126368409655594076395669635899781228509371526153056555037039568589075
3.5386731740787641129491695187061227329176703398101306101067651897000016203394203907926991049590204245
3.5852041528642995868749749904639517881946477411179636386129957792184314006832442809915402061438125839
3.6319726190224330294468334539072544979470559393064353194810141514761839813875637479904415594135387287
3.6789772991172405650110818481107023018234292504228388541978872880297989854182720805646661350307465802
3.7262169270803828262787664760069509606372178611031700816049014245363781238151299758915810689467849814
3.7736902443094816437597031028454473685994624500611653419702516822687542438463900002755612946564696556
3.8213959997635304833896509260508075546936535551762324193551407446708692520884399377318257302272958941
3.8693329500553820834259096308900318166442310873601725560993217062892811183933068226515571038776415431
3.9174998595413572192812383973062748768376553312207715928370855426317927245459999761136366117332738953
3.9658955004080189591995082598632325245756029730163045097466265261211359777685999438907503804916828000
4.0145186527561571657818035232554073333411011972510264197053441029557709240963507274118921787665694007
4.0633681046820283495829392874046499543728412467705726668552812651117104138923033976502179815266483567
4.1124426523558962925492232435992897584341893859848207151758817094129363359739670093199004101293708991
4.1617411000979191321902409499234929942988868783506551436628008645614554020461472179599286076036250120
4.2112622604514288332981803735844104358714931588378869480708291625611247217708028674365360846309692330
4.2610049542536491739701290801946271953373984841905991335749019352728377807638169611455639714946668688
4.3109680107038985378675409948758994163684929957137135122676145034905062913683664782969422269889553296
4.3611502674293239362702666507857257353726325474993751325318140561646170680197515529115781646499966475
4.4115505705482127827484162696355690208338598262518552011363280374318410678812278046358476805868146908
4.4621677747309290113715964007837365928368756789901110412249542333740103758333949893972464213679877173
4.5130007432585201674778114678657503848751558902649328372246325715654023040032869503048201655646520975
4.5640483480790421092969700443016527630566626020580638172660524218557680509939686173787364116901399290
4.6153094698616479403162797931232697683227114225683606776248062895517620892665207508159433947269634717
4.6667829980484877473221478621079390443765352903177903517784876931109079623859842412721992399161279377
4.7184678309044656486754998328853466696429698475530043964198480256158728630542149662669924735255863591
4.7703628755649005626786007587112631999305316711776652067734793642273800137891479737332475110375656188
4.8224670480811369879586732836043618254201598023343139883695290394628184447718634898008871368331447920
4.8747792734641519476966674007227572647867382868134452894565042341392668994783077113115762407581889771
4.9272984857262040883203368644718996752680468520708459259079805077755082236180906989104327990193118341
4.9800236279205707419928019469863439535425938097239903447488288197984277025061111565515637307008738681
5.0329536521794185618756629825779954067168753412563789100588601747943629043018029767479666500025994164
5.0860875197498531207248792940882314145663818177759042054398869358861970648954509411545824273708519870
5.1394242010281926278638881286979509044188487778767046100587263312975994671093380585920699495135220888
5.1929626755925106679278121031412048096033028891143842465560692745022758460985941560513722922481680368
5.2467019322334925979210235563176718273844467418796329761150620526314790872180763216812212588884213557
5.3006409689836499579934756481858945732820302413603960994049267625601712108011536320740286103594005844
5.3547787931449369568143512195669736038079377580479342841319091979085716830402089660519474286424983253
5.4091144213148127853795037359748978326805966152825907153065101041283389017346034364761335294380664082
5.4636468794107931943860983774999610278659246358245160748206729426353854772029155607855634928428044577
5.5183752026935344407774595756314631933320612306354493943549811477027455455852119165123708724008453996
5.5732984357884923695164899846566402238673945706774661313770038314480732645226248553179724834512430938
5.6284156327061990478797332775742585141477950852435185209927814830031119376214615279355117812433731087
5.6837258568611990123483727837433421151091913024746443839021348222715914973104066479187537006990774155
5.7392281810896868232590421854628151585062310930635773157260273744303637178497610766340467898049331171
5.7949216876658872504979569633203516382421814853350286472085249031260633429276892267512737210420088615
5.8508054683172190353882408028006820137087279230438986695012094676958378994592521637488556134246906894
5.9068786242382827902243008837196206112628030401650533437708975226336863589227277896075410761198013747
5.9631402661037132083209966015453214377636310118913986229135753106420319528614638158047864607876816672
6.0195895140799353646221017861567245248017303075295653640042828318517126797570112822130762285725410142
6.0762254978358644904860546534314732675487763979797318250872410601044013976126088709487301294283649178
6.1330473565525882068522981339537640968547847404880903317234790705811239501146017831589123159382318673
6.1900542389320697981852133928108543210081976430354050408179776629422669251929262110564129025826177951
6.2472453032049107059731376139573487359202414688147086346028209446284993207356869873179965667459082467
6.3046197171372100156877809604374394496966551390427042828094829661081061537677902550287807486284085081
6.3621766580365583055275622972572096873218165027006563340799153709415247714599571684207943872668008280
6.4199153127572028195028715109349772581206328014815655546635081933095932464798727349154799158642386782
6.4778348777044205219811699699617924486987460191790454520759143859471452911938237295476579754445891537
6.5359345588381351861879034932031760278210662759957329140428047386534336833334179239247150969567076311
6.5942135716758142658321720490942393124989600968956488521324649503486389785706934495595018248266048432
6.6526711412946808974551309567429134386343554957276821217582280974163947182904359972324955543937391828
6.7113065023332759817301585190247956646138350053298994119553934533233858397971699668260455894871772872
6.7701188989924048952081156824477615424184200252176897510058557837359689072830560143458212736462276614
6.8291075850355029903154004728003385857642640777989069326762331061616520102956269289437012732051759480
6.8882718237884536511799034230291309843327200865380605046358754781986284297559166251458595679666841256
6.9476108881388922864698573367071628800690642938824266918089075405396531785457921906078125470817464934
7.0071240605350292582593583400147810360102949535252796803149582305078803339220551080335672636308105283
7.0668106329840243683458251786942140280776145569058587484363176069220379707820474264453864697168692364
7.1266699070499451507905118124750990463769972012693766033575628063670258237184726277806776238002823069
7.1867011938513408520733352949769105960674166266706243362629285171645788487375995120308867746931897813
7.2469038140584636184764058386125536355808729993547108097712483566610399392265126423841878195658125905
7.3072770978901680544546173580789120693050815286044755190229535768027347049194887581982687333371334916
7.3678203851105199661239847593809072182476793632469524485451808433978049098194822653784825400920152498
7.4285330250251447608967035814115431185178410801678313359254578835291636920969006738105852357823382702
7.4894143764773456380043114420216072991175185786780969960447630548705617543760626557919026449714055152
7.5504638078440213754560045161419924812500490491785009050598770049783759820901445774515704780911619339
7.6116806970314131971487176620612098977180347321291674896619094882327521244695720248313508762763371060
7.6730644314707098896415355425668243283400386434420595546322299768928535835753802606234348029263558709
7.7346144081135400317842493750882917407900412504141350313026820010734860583563917601861477224813060841
7.7963300334273799021961114364667010930516935642533929744532428458630446037111784381718402024569855583
7.8582107233909053397670375721941433816791121249173557394111042438579642670239220328915385811813946160
7.9202559034893155511343576046370044134717200348569896485177961002100616236096636965746424641479943990
7.9824650087096565867025770115712560666155431313401655686830403983597340789498471747279689682044672832
8.0448374835361719434449745330815996098287456188251779703451130661803881768301698187313125145190489780
8.1073727819457074986727746452510119878473664992384605238392174252480738265664571345664494847588431656
8.1700703674031977343941763910646499736399527873116033016784490316195706472702554578661715373124170756
8.2329297128572599770217345714376402935061873087356947508781608367974851431318485715960675495799565322
8.2959503007359231522289357260498507447555578240262794014561741593430382097454365606643456056513570138
8.3591316229425173399086134223238645811555821783892934536221273474055373812383740281871288389851979079
8.4224731808517502096477400319661117430463140678279934318321612037948607109262003582197771687429265256
8.4859744853059962231035088841886875623532665524276154895564717039688369637766648300819636496402535954
8.5496350566118243063410811416349304452641703343867115252647972303911214561886496921990922157626504639
8.6134544245367895227691700288089053359686974468365034880733339608966890087824736395683859161272171580
8.6774321283065141159801285495058591025939365584293361211925777403510528486527486380178476344003670451
8.7415677166020831417603062854374285164697061600733895593475160429190750955176279803226807465811780034
8.8058607475577797699780617495676276880212927805624415911839946735204750939254740636535472680540342537
8.8703107887591852101753324846048462493492387622713031085851642691381517141230755102335511105497896760
8.9349174172416680996793623204993922460056441987309008111073781344170729984822335272306979395277996926
8.9996802194892880901107217482827240731783533808024903702611588087445816221803504587761428827959872063
9.0645987914341382774906230607029807848334286690451617516537057628481048952151155376407954055331711377
9.1296727384561510429455129277002837293264756126147407638141689564718960693887166249797149107348053990
9.1949016753833918054735722154127545689762103509115545959578277298813882873299800432326835143410265173
9.2602852264928651355828542926713584072937225684235130481174609394054860143893151794088684407801878634
9.3258230255118576390448521142619996653498991208842703133555942173933290926318093806135661907630435681
9.3915147156198419937450028583454865568368370589136489869270185392801873694439231598229852048283616162
9.4573599494509665098724067639128343622216887836017024034393828548502718502016681431029825651928814783
9.5233583890971545846994285502447685117789918513073822008852802105526583405899760035870809219492736065
9.5895097061118384381881284186998853209426065995140430122637547652306861766627592593901692491199613356
9.6558135815143515448610988999783223809458908347456981241200170990417244865711366194458665667915799449
9.7222697057950042210324494336598701832349907054422262030880902583807189413016344683581149430220786057
9.7888777789208668848608211952424174986824698315828158908499230131574705092989560236451531094541002219
9.8556375103422855800186634487132546455816650424068822321633882165410589030647084334737604713813299580
9.9225486190001544423371402148195702207557775542960822934042109178699997262990282741982003778685387036
9.9896108333339698928594557459767411862453329790183674605786024153399721850061194388031235323439996861
10.0568238912906914606020740705312133956044756390846726702241283647523872322532959273879445205938439494
10.1241875403344342742783309205664036374591853253608005944251662116382810501480823715978792322409616938
10.1917015374570184145880574030319854628431572998508812018934395750176233881055256566229847961271329380
10.2593656491894004877371325899767207564824425702188085421979017412479970414895744321889575093263955621
10.3271796516140129669513946930004493791250351516712230676162490733198229078478297195359408814393317483
10.3951433303780370522317254387087984130171535405396611914790926491390939155278590186853948804448696850
10.4632564807076350198163380479385675841859690123756083995718720995775205610852100334972440966197131885
10.5315189074231682721413067339014343427647339510473320055133172037537277866270455832316757097960930362
10.5999304249554275569048628284234043485998143616183934593072381440163555217927353193143907501745953780
10.6684908573629021005441131209330855358150822334318174120553087009117474914798971722494629843436229437
10.7372000383501146974400231182765736445415735111593107372978643542257691394545580646097853783318078871
10.8060578112870501119102160776421086388883408028775274235077878789959132730447568311780069205243281154
10.8750640292297044859797132210813979664892369495321116450985962911624746532386603295799218723247901064
10.9442185549417838025062684401997924781904111879582061997140872363798633921252511833099102216189835801
11.0135212609175798309681533739640376375997058721170383715466946703756135777259678532599470742164747469
11.0829720294060523826074088316465062135706984355344260432642607563268850650194585408719334550622746620
11.1525707524361471231915038682678355880033458487619249405926215218029006025355784851593915318400223712
11.2223173318433786359643687951594395121534110850874478734002275473663200328107898764798844146482164075
11.2922116792977088949807964697672887528515403630352577850885439555942455868706672208045431859668356113
11.3622537163327518005577952125408786525059038002683014273053057137736974619195879329110365679958348994
11.4324433743763349446599697039278774265185756425367128047066772163387182026342528690346067210460200613
11.5027805947824503153177103151420965778576791486962277078138525210216670098676511342276716039115055788
11.5732653288646262163393872611467550338391383174127956256279368687412618236606991321466693536086679319
11.6438975379307532723338513925690245775943435398867001157522712312142216463992965348645896743181798786
11.7146771933193980101501329318964982267617753817858068176817343817410726901834724886269306804461191745
11.7856042764376381570423143908174998703477978450258869019826941447335691194580446998838132971310808291
11.8566787788004544739878256948932081272706106727656232066314990927300984191604789059366605874974824984
11.9279007020717146504707697363075916914533332221304032843072937146069558185101957336867324499091923050
11.9992700581067855255690476123522473756892138175385282220902312950351851591691618709936070224723262764
12.0707868689968106702742134133435426849147633298446011060647850359891950922863768088553980962105839255
12.1424511671146911685855878685163191079330305133669810130350671432929317008688198200977351347021285255
12.2142629951628082710567158110201924142170466251884460126792071215706412081245894643248863311920472841
12.2862224062225274651782853153356352809296214917122687006921221512741421447174188452096179620504338255
12.3583294638055244133486797329868500338550813883594493356145785024360931151106894926767631838887228408
12.4305842419069741523510899460705389112671893917433269512791235150371038093084481047852056666878788299
12.5029868250606459294146148191042813656126508866896486747540519532780946460916138534160188566416754787
12.5755373083959470703287548256348373348291084097526691108695877175341054806995561583629512931241198857
12.6482357976969603360040251150451503749665015384257025007123320298032768414123696053209165201862323576
12.7210824094635203266816528513787466176199173319708282364053389073369632556031116528155887383759951522
12.7940772709743756391084559200363014512022709880622419285084702291517895525300516944015760765159296281
12.8672205203524846728882413275335842113854408546463856872914406064859522468673887977568510811460863478
12.9405123066324942194438462177209512077842513357044983787464543162606174838103892124067827766258823398
13.0139527898304512521890594531935980152252371596013622771517464610415931939095369560453747116390162152
13.0875421410157996713045424871347726031369955435060315524358603926998031150853960544256773805066294669
13.1612805423857151427000654775779169955074662555328861895508272736863530084869468883081252437352435194
13.2351681873418326101702029395260586391640488391314367674992810115295414231007246041018559569002120685
13.3092052805694225543390120042773933426680094909879940214057980792202583990971311183914230453738543169
13.3833920381190736237557135527077315134187795369111118153434237354803742889469183924027491522153882779
13.4577286874909408745544881370302511089324241419208123508618979936270411168196618561019264310416764872
13.5322154677216205276300561656894887951750783036290836732922779898429848564691240631043672850983521968
13.6068526294737138886107311733331498196988236266178614699541135659014123253720967378767798911741374592
13.6816404351281448784422213645442057304432680921104383432944016685152042615117956171626809690011004511
13.7565791588792974936500788191504576853104529375813729948070596295677676749570730904883730394648751663
13.8316690868330414579647379695479094185198556611152298970011822566743717264771755092977817521503952691
13.9069105171077163437316834971783775799242780980025644853362968966945637935110072536483819372383261168
13.9823037599381465352805111583816264089777647489785747547508520266035400671549293836162361108748248624
14.0578491377827615802160071802313671076826405858171022452731160513072898962825739669570160133858685803
14.1335469854338987315897114025076599194716093198178387912431151727550000160679243027927299974785481959
14.2093976501313668274291753082000317211328575469784587072660236740644062901618319679275032083559088142
14.2854014916793530876189738534048566280686735023608916191082321292196582209694585037164387384978850160
14.3615588825667569352825529569590897303289743341228024733661606761037625870113495187765756322127318191
14.4378702080910375744212185318971634109157585276623766700653742120508761284087439669416586727297563315
14.5143358664856647816230427580885934272230329417999097564798055584628827724111897922683948223415396620
14.5909562690512652013498315306065807146609525622078367074084265963404368113393778961908347214026002544
14.6677318402905593760369690480472266005909865697131756364519600534601804407124615335177994338923183798
14.7446630180471877986048254054492096171078762150727125636703232125768933712780622591510876036752732494
14.8217502536485274508122283725246860012761678095703137769753342273494883263459553418569246829344856324
14.8989940120526035912498962190691069553868473595315329165804752621240828095053702474914656598714142360
14.9763947719992049869919731034506453021863891098155923057441883425117831838707200704586954045318993195
15.0539530261653143485773091730408276266716373330546550258935597697132424945536625738158478879327474616
15.1316692813249694349367421827407572625631265535106278597442330696728380257833802593351185156150195816
15.2095440585136741492688486545412389782458473242581864004276985215600859803872318436329190317168263918
15.2875778931974829551536383306344777859466650172808505381127259836523544894624063867668668060399032751
15.3657713354468861111664484110356552992196212269097418367840429772236122097399308645348141971571822102
15.4441249501156275590417332544680221626579236471897694683997300154602090252393710167763338356264862661
15.5226393170245918125305427044745698602025983342185226786092518890694464287320718794226252296033119458
15.6013150311509008893717756049437148037435043072902954227034053819515233728355046363047644078038540597
15.6801527028223672155365393929405585258560304602116785466680423859710637947790736068003578548340244029
15.7591529579174535178161503314122666745352312581151459192686600849521471448899254250731527212843548254
15.8383164380708960170692169065145119825636746516746263236752597895823275878084208884557544035103610528
15.9176438008851527496623721804471675103058600062226504823483721787519492005431110590703681019476935681
15.9971357201478445889795195122867963798060408648362897877032210168534015957369973395611893274206766172
16.0767928860553625230187903776943696342453443646869357363751166789355143068538883500714337636463548218
16.1566160054428209792948868169567071140165259650434120860863956724622142238591354975293944346965577495
16.2366058020205434863678095816330726055259314010825660498675689812623021179442786838648474746757116844
16.3167630166172737348140191421910493851733962925694378627843930639915023588044494955875064369563500041
16.3970884074303121625037089660855317033679919107866281800518160088528871398457013351316369618858493842
16.4775827502827855535233097641767544105237761260995730858489396392819532231688109036049673785340336568
16.5582468388882648216181766023436573627054434861327132550958297293536672640446633397159296287050582551
16.6390814851229541630624646146012221454766189790588358741409778857204956448500581752661114216834913651
16.7200875193056831266794823259288752743062807025581239295400926682416289987437015055971410658033087903
16.8012657904859418775287502902282033115880841328882088937334539791006736199175752934427207524030188848
16.8826171667402090436982006357291889556433017580322617545308167523424732450537189385576157247052040699
16.9641425354768310518637996371073330800444141113727286330396348275522617090419187475891496891920111277
17.0458428037497217970601340074700330871146055141440861594484995941402628566731451266548303502466032920
17.1277188985811618768513841651734402812506694528164735074469617984405481905921708813429054340687241397
17.2097717672939874724340165397216633246323392574794392409193357662456418003801211650076130386077136675
17.2920023778534703030738816578846969825423463103000553037415721966040115333280584732168118568480505182
17.3744117192192019409999321852479567973747209608155863657874146737469326351604725272151533433752801764
17.4570008017073081782376820337805638173095963773265039621137036088995965014352316620998349759340540898
17.5397706573633321132310108439888244399735430766400202306282524163701011749853396475779246920494639074
17.6227223403461382035065052972694856348444559069550823248121220732315285738267328902221158969879008586
17.7058569273232037428977849907714423173170739417334076921897544702000389492185470901520041330816106007
17.7891755178776791016854414053011598721912667657848309538288303689597234209455534546229974401604598025
17.8726792349276136511644985442324238741291517677277303992232483590608627100520243552795472840415667438
17.9563692251577606185302673611359528223966205763616918040439427450424963407255803536234897816751575858
18.0402466594643912237866022345273881077391785815032381037073724896393761066958046737198715032548249648
18.1243127334135663803025801551910701193857508875729813469891447409659800731067611088493687704550213320
18.2085686677133330399804346014049118434263904384873222578272927236464992931200080260663551382151548766
18.2930157087003319808669854073620335958506664522705872183924489029820335692499322333394586940385723520
18.3776551288413245205668433252331115482271658405675018788980938329394967116974779819142251319069620868
18.4624882272501673473377833567005873904264017346968747664770527481447546142052410293451025285449312163
18.5475163302207874500470078890753843324195859696358115200978985112656214486259885858652061639113659295
18.6327407917767330597050684644240399348071760148748743070956544315452755441599915006029300968995316983
18.7181629942379016544804658947303184944046391797976158280636959756806519703524714974818378519619938416
18.8037843488050724965679740019747959542854159918833348356287000228908984511828342306871010685807640238
18.8896062961628989372045921961286899162450725866500762115561746752266014188470320035919293380185475992
18.9756303071020449245258838548640874788663792409777730606569329788381317191015667374734976919442100949
19.0618578831611808620744869705966952577056365713529744464041337210552686325177622922624515811726475253
19.1482905572895862834525673794925510446355108924838305628018904158504809472192274842325465681549412103
19.2349298945311408267050151626572021890859074972828996678463092651507952385860372601403100749539358573
19.3217774927305208128463313841019529371535724636400862238825734210730121170401000230534077201865741068
19.4088349832624564657651065533334265274817729946338650044591221943373584163635196731028198141594810500
19.4961040317849445722930331383638147826275553524958506525771569069905912274199725057191014339578242102
19.5835863390173532962913475902388531454065735494690320472024986213468615354370172614207287678791986651
19.6712836415444000626288194059917892184605154117359913776725489644913339012695382047206654525814049830
19.7591977126470300586762311798535706454724129218888119662398506872014504740634648416411410160980177076
19.8473303631612721152568313946992889512753482476052814442839606385096091048547273228251547566840206605
19.9356834423662006895548857340364710240967229436769140402750529155583450816405706295722061175104544463
20.0242588389021875546890524230381190056256625100760712591164098415523752622726063984343254868892375968
20.1130584817206847925415214268340673987697825168564301210564451657134108560130281071981717221327010980
20.2020843410668419896959129700838441102815061855650184098299742604940557589288141588198315211495425690
20.2913384294963253674427544703775960992749290259583816485645233904763337303113265946727340777832412138
20.3808228029277751682008890424791051493626460077606098909570096969948152988240282941635690732935546257
20.4705395617324102221056167579992594337776342755313464761691909556366703738578972732846732551900968705
20.5604908518623654973831606031273245929735925215451016705042267823976540626239085673354969732027992919
20.6506788660194298852104735164283188549982829473016507664985318854502607689304413962616809843804942642
20.7411058448659377947961786690072792661805280464698917475400062775352892045968799782893638658168221663
20.8317740782796596720329078101650855061814866222733479116111823344453349212697088430192744534846084359
20.9226859066546336658046195541981200221479276224924597778881987574173294723098662592897902024600492162
21.0138437222499837385878960302228997952757921251377599011125359903324552092777101050658812766294330301
21.1052499705888789716847335027615332301877294582810415478163604470640585224269197941470179968100014996
21.1969071519099051028971719905665625289491957308326799445792251085667156840448685103954742983147526251
21.2888178226732429445970297824145691255188226137500054805818153114793951448615311122902904595715320072
21.3809845971241797913615776805489254149025596618983421214832862696756197929627570289991954122621089023
21.4734101489166198101168160305053847882541191630868156260717336493492163190812231759116259233091539368
21.5660972127994083305279965493062138391222684978875847843694882724515421120488717063698609072954727019
21.6590485863684435889875199592840793718324605819945176722920737027941278007861512540341529886263067416
21.7522671318877185518249943429819085244201966368214823442791248377009311505601506050122173104735059970
21.8457557781826157394634227172557440146180311363444655007137473708001648111502542443200821056741402036
21.9395175226089703474231822526400642720351492454232388080405230915529962779037398815305177372372398645
22.0335554331016223400683063046883640459855722579647906750695461035452069638899720274140831030244198889
22.1278726503063975870793764175666113178058640456633518852269098502901199868027784098265794760881385322
22.2224723897996926174649026861897261276725024972655911928781793586054922828037911554230374763785561822
22.3173579444000883751413894522200594189054913057863059866923962350313976537947266420758661009660953292
22.4125326865766867739778140396574640425998154441347751077710686818890892362161271735993580428260209416
22.5080000709591512862143055909324211035180433963478301978511925509268075813031431346550949829413809596
22.6037636369547408028912418869673601919796772641299782762512581397742991058803428024580407850910165214
22.6998270114779562671270348745954578527389199393423548970905873136783422522313064856755480659559545098
22.7961939117987739463411385399995082404869075602783764189897795834150926893874576876798646984340513141
22.8928681485158196965137108401853726712660966847847447548092934412686241644960320188062964152672230320
22.9898536286612473902405802053782091128753918133408519769988091721938408276329458178350411221926573621
23.0871543589445242521378364872254062205610888643923373641835969395128259254683739923948827163746951039
23.1847744491427988256955516110207669312467339906380859632683258840049922072597132484057310139873041567
23.2827181156460366000918022178467761699823301441651868408344969461006917845942699993714869705498450595
23.3809896851656571567371059849737825940255613770680588540297528651973306947719058056390506094768713470
23.4795935986159985760755433644324741832252650746945824790473339315677110485145988007062266688151093097
23.5785344151785736534422079367898821357312968920238025173419189521711761615447853996506093454498066335
23.6778168165597724820785592425592959306152821611143090660257687839114546672029784381821716639486893211
23.7774456114534118858843642135953910930997870649507599345469484834050054608772504308363799740958119607
23.8774257402203392297774673146540326339576026093027916199187414356428188136790019509963215722377335757
23.9777622797981720561433596065588274904209713757275062563365219449947850310527281955635981080838724327
24.0784604488552021599472125960648164472015390522230685356218667109225864530090188060214510498518347606
24.1795256132035201777554681520649472083500729361227705877443323129816813910625849627451247696952829394
24.2809632914875323522108265414644184808271659695449851535710271667550714140741881472753482840233301770
24.3827791611652535325163469738027199660434067070348271856727763282007382799335291136044790991933074565
24.4849790648010793432469095094152479611146777518760319154542393162918696458311830719105668562552556119
24.5875690166901765508634939157628818944579658561014262174523096994714728813704374591645735440471257886
24.6905552098361959631729888896068302613665243406906772917463240234595396384550712414149247889236592419
24.7939440233057200840878722617900202352125865154026900382310972102517797214653053514107138652076190300
24.8977420299847231562028236844734330009139196804130126571583115251007926078621823041944701730876256899
25.0019560047643608745917387606271437639666045952140863876850619503469806425378238621123788106134975591
25.1065929331856396770524023100425167435312578543758458914702194693162280158423918017586446263200478712
25.2116600205749621232622874319076605823791226193928861718384628981573140224136683410365981522639521957
25.3171647017052290791807973854565283331957530812050526241051421096269895297824280274064752504938498551
25.4231146510201277915105693611786840827550003176817783540580900876582700413874763071833124793340614834
25.5295177934624774103073965411646595016386434033758923264237213401673727884475984815536187909554747155
25.6363823159510738887128611431553724469551596490936078223821524052401932763507205471063651661106752374
25.7437166795544126591887427736202158012014848455434885872142756181570992617814011276672094646199287955
25.8515296324140133124731879972877824691285060199305030942312454952139536708490760543651936612273365141
25.9598302234748747518340895479459615444887142433539241541259839664958989328932972210719863555535344981
26.0686278170859077056699087310107889754250502274049170443719364583314682422534502392986266960289739400
26.1779321085390875044779257576611688889486905223276875736782704680966230805991745504307125702852960804
26.2877531406226160121701820241772922098342649695438049619842738348479607420971917848714121273387720638
26.3981013212706601984975727213937227373288869622064256653193806577416738739386165105802598889972703112
26.5089874424003406537124137499778873347577948344419387696144480442942670194038911801378971307383521421
26.6204227000356848800901633140584381192727831993298473578016755634574615500528673829307218830484233190
26.7324187158283621418843839848529414058736950089643889497513437969043798058352993095332762410166836641
26.8449875600963226217246762546489906992798918214007150360908922801142409718608061661813366415123627005
26.9581417765141393628880972543620914033698424153924601750704241583737023666930753464400239955596498308
27.0718944086030887004294972832664560975052255537249196878373016206299708578487163383267888416373079330
27.1862590281850258945777239901194046261412089170878429264746970086425800017005353845481918163946760339
27.3012497659821758285264840248442718267751008015188271023238518291732237233356644775197917001696735175
27.4168813445653649171960026984081851987712866999603175527806695115656108115598333892393336027434924727
27.5331691138763213708709658446655230442170046302943174333272771662576660757016983343399951930702605929
27.6501290895758784068964292766326088893010536662791445668210440466492068945965136513511156306514487490
27.7677779944997124151051715268729166662398253561807681075160875754316605596405335978924749137790541310
27.8861333035372048562655256883617850362653763224006851611003243745210766434281541189328494716658866772
28.0052132922878053098524719327203921850097661433648307236658785032088945895752266263906850964889310867
28.1250370898936902727111439676246017958896716714062882461951677480017311177966628114714109782178738136
28.2456247364985048107973757327651024892519057516682860749735058833055169729363351122926086664256902104
28.3669972458406707774815750892989520558652140189707826583363062853023027094470599654773534248245120308
28.4891766735574964181820298822683010677210615565203979310541892918096759934668619506894048504824049143
28.6121861918547489486725825220753823525085416523073167095800679921617674814733469145165403698764297600
28.7360501712874075053640848477126291826902173478732848134143586831461610595029333522778307764043392047
28.8607942705033613813955828059912927822314602138788353717975908686236786103809071406410642320053587700
28.9864455349257267425172672308882859933350158810249383994965553905081772167771519496737301589242956452
29.1130325054947225102973777914653302875452995619600167961977099856680921558159318271415004829053326322
29.2405853387609571847278164719279408746961109506938324450540758484769281436488019239326736394722389605
29.3691359398238036556775681661269286155666432869245052474027874871412935751944238754295672089504499185
29.4987181098477930461175820376167760707211130012837726587762052324794193913159287342071222703069547646
29.6293677101747332500429328279047933171079674626659214226536445235807187843489617388974515968319745018
29.7611228453896564960172371856420056387184435677691297992636522508745198860974715348050217289085901496
29.8940240681074066686571150304288561088011753616326862168834993845350921930762183933620376679476062086
30.0281146087397053007531296623369273246715652885599536625670088936586424823692020116759103332975781687
30.1634406341002256995212473127901307148256043079912236647142945870210240049147690104078264133721334000
30.3000515394335574872649384822428588657288905866354146756342460503111132193921020634284922453967030579
30.4380002793464150075611704812666775064925823363640590780280545880919302657303360573621204277263799245
30.5773437442193873521953260407364602766120869014370337214641544016121157957420244303587388109226019830
30.7181431900415474929441188108193255450340222630529614830995240535464301657698578016868819696794720634
30.8604647313128164948727204954662831782126663269566259588767237824030487227651563815769161471376853350
31.0043799087989538591434197832858338994932141880703819558605807233145103856687479449243434448644999486
31.1499663466337462986379039565733760195205307752765861697500836822171428104668514386731351264468765456
31.2973085167212552942404444897704520830074290724715392354021587780574344150600278686019784395773628409
31.4464986328420757668264365483100614324636113180545202340019440267989754738193102305830250663900281765
31.5976377026485482822500828482914015525985009777057937297417579961855390883256252250629248958893569469
31.7508367733154984043780283017903001408583630457065009488309568960398371372559723068860132641996854858
31.9062184166610172146307143679007354136424392242495544856290973468157668077372254666587107354911579460
32.0639185130201649359811864197067548080039983761240859192376481982585787439940159375543462698710581200
32.2240884114309905881461230774580763838741335287698221413924142628262594270003344321676017725968984057
32.3868975688275978845389848802288656764747744823987834476284547493997748688667417633079717276682750003
32.5525368060124632638952070311990198747596848012210030715222065436092031738525766128931435551748707379
32.7212223679244506560027649136812420231921302731961251747269597767223209057191881051303676418019325296
32.8932010475220328906817280621121208276956682838055344573578959311922738804943573337081443749966480777
33.0687567382979270540109735989885996877168692934812328110330793608630802599058392984768618596607678134
33.2482189394701938126515064978723716446826510416234860428380445063214625297774833361037254172138921770
33.4319739831093199669227403942285105162563582461509487802645551384834187486986412314138667145609304430
33.6204801412037667239118517446750096607772719936592030610302236709468027349134800850499246205040293786
33.8142884067494374911932044371860559040400944166460761305733880347495180401578377891630076069798429792
34.0140718223433450730338275275034626432627706308913764172074031684496411508656871539678800628295533979
34.2206681408038232983824021117944685772874394571881047216094303182831577411047008428041696998280899881
34.4351441596397978346428869550421586286744786812530840076710537233759914162459432892134556354479550406
34.6588971036810305521908401027342892206407603074926209922796789224554540802243388454023045896826825809
34.8938233981292819579914776111793007307553224174294809836395175511389211617131059106439658887432358550
35.1426201393167424453349197194056986825297737529834619670923891796039981011948678951060990354447980687
35.4093768197763761954155806384816918155848234370818834277686010907233477637703349919717259589254513351
35.7009027372930507420188006039801491383436785615164093505477835873064119621051822269004124921363595297
36.0303917680757747001019838489112130449290457726416898165728245567929911617264368406606524865958237191
36.4323161653120904319119483041838893562267046779482300837793260221965268025227055738098044556081059545