0.0000000000038488016878896086118378748056080099502883956546892294984400985435853241826504493744535334
0.0000000002487119285368903942969824209644047575846886258301623770806972507914582806920408562700887713
0.0000000023601215779382615978030707557489122367123080720803108743169381742807484755185786122507303890
0.0000000110926238548196004849855214441164198636543506331097531662524120041697818183403423352617558752
0.0000000361144862505860577307302777135610855092540012944907313616887667069686204483010718483190422391
0.0000000937880648266427836273753552938303660281881228491408233342368442330276583515671410422023496614
0.0000002089442393917712402446419618588528133664821123041532728955659646477810380745944674399637349144
0.0000004166493506020005123667280644953311767421398650566406522216518907225940328630485008259641305107
0.0000007639630845182774676060352887244952279622912349387599793823491804318161987717682425518877654687
0.0000013116857639211224127357545618333207659844777888854010055121400212931450932712965736320717582756
0.0000021360935217135402745526492077333419140114918679732172949389511558437942153559884701906975319948
0.0000033306598500416374277426387538711521533755393286761741039412830617060084645851906914668306468519
0.0000050077620392909525640261289399728547595367270452016510354815627917361048053820321073249264547592
0.0000073003710438304551992509125546687798954570885890729816514974898821752665718822601553679442211825
0.0000103637233362249576122998695229461673602613107318696766909325151374688449759953021810773174364454
0.0000143769733385650215286018522611078716725440691574593059886406151611292298920716258209173033286026
0.0000195448250485115567418296542099339194080866480814809468291267699932085236554819046524940980793432
0.0000260991415085562017468949867188713937306640519307339073317601034287612328178677249810246987696292
0.0000343005307997902108353289402980201198721583813637344831028097910679628803680468931228198557630619
0.0000444399072760820940225501454691620199056601454291518637771509836062322232878773454479288099093442
0.0000568400267909122157013519388015204442840024639327046157574597187724453335523385467643618742308377
0.0000718569947071221407085314821934360120772743215821558119100644856057946266311098764460157071458471
0.0000898817455194257838935812219678600592610657360459414806517449637360023403646268109279336406993114
0.0001113414929606135560592975975457242629864731596115490037942432344025100563617351467245732758682339
0.0001367011495048722679584894844293222844553199498030560210157099300272871024891352734065962746725537
0.0001664647142254527555862465514187708207107489106693479441639762970287174479504805307726719453290125
0.0002011766280089521279226153237045717614984895196613513373004307253855919493554315237995167301192602
0.0002414230951746444876036585613501951542989041727087336284056658668326029868186526269474643699852868
0.0002878333705944976533454449158969757534462367511797382240821730646427232328527421645299061231792162
0.0003410810114576572532283419544474945813794114886204738150968732978936232446196946994171532633994434
0.0004018850928721659816708461509298631117714362917760704468107473267221526541732295084014355851260279
0.0004710113865464165030196270918990168958308187894894948420459632860594900907041224205168089659116084
0.0005492735018432126569251673990509155803015754184308485556366500931464923721176628809588101640266662
0.0006375339885502362926447552347205881344356104473345891263473497685552694572780962509224502745412951
0.0007367054007620873161327206513272382862726426704894904465782266059254011992730915242547992935047976
0.0008477513213207837890253619235535888773216362729316683420163749253061293717807545065353429593025758
0.0009716873463135791711290496995914442155288205594376851615132756140716850869232794000063887190922387
0.0011095820291790778816047061289616853138833291460626737423714498164970036027809778915603188184651385
0.0012625577840248121810023230020508037828132800914476821488220710712613109212898740527831345376184862
0.0014317917478115881731767645695411736220423565443457625680591851934107968114233427399126342753588060
0.0016185166011119232612087927920115698932833420371741307626957558733027491854644176993357664758280419
0.0018240213472016901933828772449993727781889682613514617409983257982068476822818923574250153228420074
0.0020496520492955644019897773363963931601318705770416830349884273773040879081254495681967845964508488
0.0022968125257879543354166385080175759058808724640711958994801065029613082931195709337084360180087202
0.0025669650034116939353735213354997890190606743242995842273257483648709486295257662135633297043563002
0.0028616307282768098726462662282014657548574812080644782912729805687375180187304146574557493348889224
0.0031823905348010638824494705289696118326468961955735734306732192946823170879233409139876453647077711
0.0035308853725926356437806607753129270056379854314074898930102114983460869412845373803977144336925987
0.0039088167913931802310841222944650610391717719096308585678745416900819213181330287590534052576462773
0.0043179473842364954610317906922406351249250173415675924859214510936206379925234339703712112186980180
0.0047601011890241009345947089903706460674445179619537089605633849448932704493069275020906753946652936
0.0052371640487640980539820737416469451538474207731175700233112985609640807461476535561729574246851256
0.0057510839307636880335477842611984236563839810070803693502639764128318219232457129367521401298685079
0.0063038712051086156998019526814763402217533909161310100351402717807481429352348012338295955263116911
0.0068975988828045270497615629877030847434530470385990839186912555551049162562114558561435718372859199
0.0075344028139957281100937286317294803727406063651065534415791711313404392773840511014735155671835256
0.0082164818467160652944792194392609184599888309567302224265891040024377040751260502128467320052151917
0.0089460979466645705874782552599528301725831388182687073509088162522660965545520562198069589989416542
0.0097255762785350896135657180466288609305708316433087180277481908447187146175956431212720393511218076
0.0105573052494643018395139138853913008784464244465760409191233585978472215764603439786502463426242910
0.0114437365151963183975963950017028578303845776905485826489076406930628154950174291790955921688601933
0.0123873849495943766120583589816490457846642475220645662028374896938455488808213390381329393402019078
0.0133908285781610172566773425291254382658495298878681518942857845288528938215885259205605975462002315
0.0144567084762575105140390613929580886135239698475097540744379260262784988572567772960649698407942020
0.0155877286327411728004166575539486747151884989750103902855613507916959225658421894468012958882338767
0.0167866557797655758674135513378051499120394756653711970144832631521308759153583276255799806193547420
0.0180563191895134821825811731703281562873792456672470886707696478582155615357081734946570397164493343
0.0193996104386556402295008697570438209953573319127725362104445441095602237657235766781216986625866869
0.0208194831413503370901547399445927178685016901014383530210585218568386859227576122841779443082835487
0.0223189526516188337615039057348594226801869573892281558116789941309701081627863241910097678564870432
0.0239010957359505045484245858484287289046114981709484444733578141947176440372495613575523671425657981
0.0255690502170086720522560759334164720131095471281375886632531061228203564367869603148161598740520960
0.0273260145893237831693686412038884090496054181267301038513461589825336095589067180504327070716234198
0.0291752476078747213930429769105065391930377362004858066462307199302956517812541171534355523163913725
0.0311200678504717115593194734213263425798264172398481565074768871277517805715306493466828254007578905
0.0331638532548654625777854571111974888629302616520196102710762776590006604197877558204070504953268036
0.0353100406315169317029244403122300339725804743102744858000637771343156383329362938850730227923153385
0.0375621251529704029433661121562362953753694660777951538401779196192966329161506648804823424053277997
0.0399236598207794769111960513966378090706624649253536181068280636201408919128227718570011403077686800
0.0423982549109410965109794286951751171877682702865118567047032163888108461606136445538369243811727490
0.0449895773987969110502666835771175839407304040684426568570495083694973901880388980773514483692898306
0.0477013503643641411423934842055447549828317877930134134428177523450573023185081631773178058083716204
0.0505373523790596803886468092573560851364115657574769298102298499137884159116486203859651574714528009
0.0535014168747814910562604260669920499404371192036300682074168142013499900098887199841837868020188517
0.0565974314963104550309191477537717484996620084288819367534556287956909331958956537829553927086697928
0.0598293374379937647399975659780163011262249959366627637609435048849035861022476467103161769247058790
0.0632011287656677192112707934489456841746765351799621057671109730679381419602316960590876012192056048
0.0667168517247734666920407547092636027638541311062868921322967288863027137477705563907398926840513391
0.0703806040356138469652979176614058065863565422019966717184866561108840047992974272852948179458088087
0.0741965341766930741177753907874556025751258580569378670827230974627476290866866212542255776300624801
0.0781688406570736051688324732633374993752837130106272819433366896782435504343808166887267424066755061
0.0823017712786762033442680128033854439840306793911283440562067263366385532187563688872717493500204686
0.0865996223894399690015137100162839629003834833759148526463879300039950183160515416941075169202793620
0.0910667381282490187374372350443687313351256731081147043605065291433102916259459601359449353430433129
0.0957075096625215867134327841232773097864936575600024970075289286935729685857684491102861708178330268
0.1005263744193456445074428710095129420696482971433954672265580695120134252864330229775111332308373416
0.1055278153110327296580456906873879515366886429455624075323034611439832321269043426900848388311534971
0.1107163599559485812305289307368469288539640600973754997675685499647906414929231485862227459004117276
0.1160965798954654457652873124343647631612719616992314292104831348590618236886803901605365503192423480
0.1216730898078665811609058969378657203172827703843914933165983163330285217037008627234008866554847490
0.1274505467200185913499947016376432002484883709267308604489329969084359750303925846361634050053619773
0.1334336492176118125742570403810832843800013522023932405955298603909246304154862289882495784023747800
0.1396271366547530836877416614603987880924624378452276267896952345209208490113313584993143862296428323
0.1460357883636789086772162140054331969333176460452879310094225189943650384885626238964962694003965604
0.1526644228653402993160330957251185876212568086862252548584283626688243221783174863354741895449765730
0.1595178970815935086979353232545293142072350307730811107885681453247525345832974597117682728787478106
0.1666011055497134707137143917902689843181764505081930487799789729915249234277484342799380588479685416
0.1739189796399290839164783764165177114491270152545666190913607336308773870575393065765305339244325469
0.1814764867766615573988355361100074158882444485142573307273987953361423690628197543450983694881434040
0.1892786296641289071105735893396015727903331712190964233725006294652459919922943583031086842382368978
0.1973304455169613883767703153099527208904459368918779720174495985390872968016624499376391107961560992
0.2056370052964542081621494709476982106123023017716702247769422291250649145104499801099323212790912663
0.2142034129530653117952443503209610481945249743867781455666291742260821334473152179053859125031487286
0.2230348046757474153145636099114401269471839633146273055341253471002127496908030971261082444743919542
0.2321363481486847871757472454937849427551903690654262075244042569745884609616699497824709555825056274
0.2415132418159866015395061221473877712789146262425849856520740490161700290750465363941371641913360804
0.2511707141548700184332826344162506090989384848629132385319109036427714126793390201766552669787156875
0.2611140229578475213332141937926667207170638422737548863988845003072964640555478801470632881483952257
0.2713484546244144866258050015389020332574206348265404741693528620298226299725119509272174582710121087
0.2818793234627144973437815187890982915214965854210041022157607477176111026706743041741775261862093917
0.2927119710016415697722881316229311631726710391528488302185910648918563580531393840278404148979165623
0.3038517653138202591153455741427287291876403085470155578335328456032931797027640701461095487420912716
0.3153041003498865714074923066741839175860210551434116739708073719656629067134384077677043460959245165
0.3270743952844747541497480843061565943048818823959791526128287596533731241231113027755034166363873790
0.3391680938742973875369426619749645406314771202892900706043933973440022454909316347860654485879952623
0.3515906638286887703259207630577634437028305900492210904808262896747528116073625503997583575429430686
0.3643475961929644069905733821903598234990899869797654707397782285652055173684459419375795317314469062
0.3774444047449324723721200352867753980454278285684082037679809190641709357352811243269890669048548480
0.3908866254048764720623111089270642269397469840870413560273983106920288925625344747122459227871649380
0.4046798156593119457203869656418597833042685293934205809958108354853162360667728423860963768648134152
0.4188295539988039898746409745333708204284868312370367135483152409078399261890378522831349803677505543
0.4333414393701166189557866435981380255323693134488837408647976390954886212862807003927902096141788530
0.4482210906429495498402472186140675353833629055232561645465211201497569280237432902376389792902460056
0.4634741460915028965872615093710273683560624856572117675240477198079510211774020510034830473846965221
0.4791062628910955079511168702538962804184611926792498657869963157968843494274871054299971214514725784
0.4951231166300482793575351698710957920811778587206163868134725314803686537088163842663583215634187859
0.5115304008370297311979948803653360774663323145015276751927369338535714535255449225766564848168134618
0.5283338265240474735193480865560714908622433442585091709670491659988554609245588687453822933192748404
0.5455391217452558796528520489894676462192014139436365045306139754777827711358379715509820499862061101
0.5631520311717373734317107471560997224688112238214342665772450223372226164439672361093185946587024900
0.5811783156824022010235908311747035210907209088309869575605905251240168744029772852499214962524718160
0.5996237519711394129564692306618844993586631166653307678990992779797332899433179704008966559807329482
0.6184941321703400278417015024801459903683836925948400766313503667107370984003463977012630758810962082
0.6377952634909019891226457826352622358141812825177663984249944891107079592524350417141596676066031425
0.6575329678788155617812090242276552426153603362024878966261696258454833112877152288580072188860738478
0.6777130816884172485835929279128034424973870142590715631960111053808544852089561997939479043589068556
0.6983414553723901358193588277738581437074632348869558322241463437895320219288292420677362546076107046
0.7194239531885788067065020876343282335529608654456092162058663223029728318203234416446934521117025846
0.7409664529236775862928443826163591187158379004342449593485673687091191299739421666062973326705657350
0.7629748456338419038740534184747937359961579591398974729442152054724369952856887380085712228036439297
0.7854550354022639762925165720722537715673645482638182209015505423253457497925001270700606202325889485
0.8084129391137458261566571890970605114441144239795353421093110116669352472149567277407568964312462303
0.8318544862462948507879990513795972170856976984787232672772196869294072907608769401420311321452865547
0.8557856186797597479345670842532627705537000409056727132940501650431647725282867164748934253601791822
0.8802122905215175799919994549579706750472456230939691981115649030921798213803528992597600212235780649
0.9051404679492161163185992972101676683656414530489458048242714870317826147906953170118165135920134970
0.9305761290705693295759931880507671973265200330647508450245781175070495133554679179235565592097821376
0.9565252638001980329443162449205745804437579760275898321846632880878462455135690544208531089714522440
0.9829938737535021263579882387711481738254141527889691178448407399971154039462120305328284832489725650
1.0099879721575457671536232756934936473009914826515505140892263881639453194510407808363938666056489091
1.0375135837789319890671032465001082637648341030219129100845656638705430021132806598928106562491788518
1.0655767448686388585194651448772507514471747474432849396624926290624999992092382567063769599685979878
1.0941835031237851735751193157855997020483500652513963184099944315876502208033964808228601246940922169
1.1233399176662899736730061011207249753806333946834998966769058843425139230407154576989877560174508055
1.1530520590383867319216387559443526024503850056817393913183905135037652363639548823423958262192894256
1.1833260092149500410001523279588423162456169862566360395490119086422549516046103028739980536785292315
1.2141678616325898730134377328643457861070114297216406399919724138504184410745910530264363543267588922
1.2455837212354660874286554831519727708787953207135812433320821153701548481480990294756997961404417063
1.2775797045377737738333308682188961286909484662484123408097224376693553162587560600241119500997914130
1.3101619397028482420210187509247028605232673471211412731354044448183957704093164852733257666703843061
1.3433365666388370051232430132222311389463914376811186530070295313077699640902416974813975128287112100
1.3771097371108849364504336725688272245873867127377353287745434260590409964991000727963081293782697225
1.4114876148697779116693985591807344887263208574130172933595753033531568771907562021224630538396736174
1.4464763757969896692392617166908889616002531704846299655176314003580408312160092904673843787779945444
1.4820822080660763279933944000706912095385390030820815830178033773958800205190873304008164655911330368
1.5183113123203629857790336865646641834629747932102907490130026325474554162363142205728797106480321671
1.5551699018668670815944960012442068734116510759387704785336865688707494375062089683135447607240346732
1.5926642028864037302114553392314427476522469162954670152395036928488141326760735924963752763778871476
1.6308004546598190274329978581634323753517231173588774237356110952474569453171487511252981060523247886
1.6695849098102983706050713416330076676140149167049228328557543929212561915978320008645866433381968921
1.7090238345616981375592648406515472090064622061459753753441274407035247402992525571462283013486582096
1.7491235090128506127196757573268052928552562298287561377065691826792759899090336970140312321868005864
1.7898902274277938366774908801258086453684725146656776977746657423174488306277459940212751720152390521
1.8313302985418800802744358402575707234397566974256426744089965393197858064186708672498178172338796804
1.8734500458837189014282822843373690706793432829958736433016621751291996667010117237089210384067925017
1.9162558081129132280129610914852433162369542042308448824402602093017786143058950456693437316322707976
1.9597539393735496186576174087318589804727298663396387590476904609060693431809565196721095017971627255
2.0039508096634067810974734446874188991920248799474822657286167647165419666191293238416353583675868088
2.0488528052188495706047115703128205695645230397970675082255324400718793438318412039369788076567592690
2.0944663289153790451317824579317675962403413995030165937101223216241492593727260023293690558537632512
2.1407978006838127153724286253745349274126459673696831727722652573605993978656956682959331685681607460
2.1878536579420728934305108506857573772004587670298218110571474782092943181349949243771525630255895294
2.2356403560425650098152817233586757303831223620618750464223375883994735485963739462238485658668196172
2.2841643687351319318795350354979140456806506339581863400749616505027716518261477649149198065374001351
2.3334321886455746746078988345258581211758084218322391967079919875731225349740281579002393040837567416
2.3834503277697344440731297692618632654988803965396572506194323836337796472149729123831699499247554820
2.4342253179831356923424725409583376363053013543166262243255389859125078364614932756428529349110036224
2.4857637115661947877791179812490422766426980872664767057612862591388455362669092151828039975889666593
2.5380720817450040144058982483159649167465604258182390568882497191295158432846054004676580283296280135
2.5911570232477059063589885166814484199784012977515717038824244579389206996147508669473214404357997232
2.6450251528764783967606164199830050830343279888081088455950383205813504425032797957322578022053255252
2.6996831100951569131099292659028272404646619683062007350587870193272105418110611100270017859342661407
2.7551375576325253822882581360463719085708469432817596655828594241037423891969496396687265829640532276
2.8113951821013141164901750951737309722247269022118190077555245294638051891024734413397792400394027546
2.8684626946329487360525425543606409398575937568469291084684116407300008717035028214572855454387680254
2.9263468315281006457275441227827101637406285680240131019769926338467340893991100862641218684429269567
2.9850543549230961171428712473524904275801746727008798506519135453029398912295580629731232855142967061
3.0445920534722477419695998167786437350135032882110734618174781396776131386228329325749172250236160531
3.1049667430461789078823115899419314631792920188373775229216824839488040116179937921428064334987253025
3.1661852674462190132062647253132673284127100194573939401805913652510152808569643497877750157897638196
3.2282544991349543769189846022900085625270780367321007926616567137961913156239404003758959309245765921
3.2911813399830272193846599804889689104566228326384545854441768322639518875982767289295784403836038296
3.3549727220322826870889799448373800576962364161772723264188116242894206834864989271701479545866102180
3.4196356082753716732167215195908246737235428608272712299660021715922267945455816233019612018178691492
3.4851769934519251469529562544826753830607180581853393907800887208260498848553005837006570961827286883
3.5516039048614238499449490368842307527145383332428281088553399419224041664766593712309830360297543313
3.6189234031928955507689434512335087761077498840868660535043149786689155405250199938629087572685892192
3.6871425833715805701212394659004410808044754272538502983957849316405926780901797000277404600124192962
3.7562685754227150037019599314301089515749211089191998656998614869483144650378885000980767282578881255
3.8263085453525899795817171119887236960595578131519310580908518281647961359198029063995058261151286396
3.8972696960470543957335222455382587275360721689432862677730989690783024346917298847969507053545395188
3.9691592681876378951760340641330920656852688299913711612435709146175047554893882537603315940969848007
4.0419845411854803549203851257024118071252953829186968950576711373452761789368868222065606359801414593
4.1157528341332638950675558336315932041078597707735000157416174926237700144691229247759165696190493151
4.1904715067753533607145089759981170999475186017184318667644139449422828352155706949065077210060277966
4.2661479604963613968713514556707726339538068678860169246591251783757759800821655609174177873484849686
4.3427896393283646307803528360460471255451268405212398261925767966487627194630769761238476031824903110
4.4204040309770081026152410363553383847562066072664208757166058516650097484603839433490081848433399156
4.4989986678667459506309940063078499128623981078227491308202564610306797560924355732590078048469449285
4.5785811282054774668944782585574364755303043324926314134624748892780500453702408762063432723643917993
4.6591590370688490015865741962674539369651567391797649876086513770753560990212946100881371340122643626
4.7407400675045038147356399851450274162390707079216260521482616900783342776259182907838839418511185563
4.8233319416565738617157714294033475898905851934915027892023552500736707468474084028583328172448473031
4.9069424319107196609137999034746685892983309775648909769748274931025816086235508394876155364232485884
4.9915793620600368370367142483316021870219801437650069106400063269191597703541746236214023369041942808
5.0772506084921606704159549914179605399727237181991301466164010853918118830246507752157193579637831900
5.1639641013979130206180641256031742145336271233362959857083069252362440634247145396477102113902745291
5.2517278260018493413880081506288471884279565510156983981984871396533906444335856524279472662361876713
5.3405498238150771735854013178017394021933559200650367594122351337454604179914756597137303177138891697
5.4304381939107315039500677502895581990813357433919367298834632888040732230798574944870338284621430667
5.5214010942225067213640455205114572891874665731123874895880596205184085098215875251339399375691991705
5.6134467428666596003770979209573772742009614345014656111812610874596614499453029386130366739454447145
5.7065834194879128062662108319590592203636607749887546121099050830234322642509654746271125968430447474
5.8008194666297038594773786497100270429572267343444353873131386684290652735170685532451962547853015325
5.8961632911292403331763983811758563248641753548933123617707113377576569537319959101666875450448525875
5.9926233655378382996152014938425600037998344550703991428819919692774897596274077379373578576906862933
6.0902082295670377034972775548984824908333754614555173360625962565771037764620732225560976680901838493
6.1889264915610054385122993449013001071052009406155448358733486050400016814651473435351766535394392116
6.2887868299957544523575483936934766513982447540982224886534503660278472789392137459065600301238029967
6.3897979950057252221864137913550717342170842762354656608290607394047456211107800350843254951876410314
6.4919688099382944435241880902784141576166891804324449893493360244186260813953366491238175427358107482
6.5953081729367947789848289607822078354061069425836590289430319239530862678374441773957698733686741337
6.6998250585526490370672721678113959857820185219406294667736616532392586492243617138617750052799566656
6.8055285193872422151350678635332789642055844389034683697852167184882125292255603478887553124293918096
6.9124276877641754644187345234404423179258475028590448508178317432934449137805170118999982797895396625
7.0205317774325672393899342761964970106330226923299351348104916617382500993691058606049388410807489587
7.1298500853020887008712666460582189794164785818968735143168480680655144225341544378685217505462384828
7.2403919932104428743987858145066110750382325930965790274307679600768092031874200849128745918544958849
7.3521669697240201462199387196107364662243947011978104818578896351088090978633470706582186450825509000
7.4651845719724864334404173595964474826879586378429669171806121398935391781802396510637730903175652843
7.5794544475180848178028063975502614900128586564935511745952416023897095592564991291434683906454880281
7.6949863362604566110250691508519357590196194191720164208680047673916935774005918369244138388812074274
7.8117900723778137512943731293042706105155179260162181463383205383378135007118206975485426749938490449
7.9298755863053211443052493502453721251191464513714061663446602023489675702126126377700098981764717934
8.0492529067515750882618966183772321813964403847883477429799564347807968257128464301579990606018105981
8.1699321627540922919043388513091301033445020187205507125690139377354187179914937312986790860740010224
8.2919235857747532405549812013321727494424297240228412337766904030935166291433030967925050802167087724
8.4152375118361738214783574350693414144340174794978354221825564839084092181580925961014533350239309476
8.5398843837000102220011128508612195993321010536557900649652940610817074376229973109174964336529095265
8.6658747530882341988509477302426335164614540974606028806590481782259556239339673064414361996948331630
8.7932192829484489236106582598903415436160681861523184790771775992655740067135596648931526931597873895
8.9219287497643497772553190595372177575760613347691244155795056306879996963059585291977825916902459842
9.0520140459124697383715874831070567566028848746623415783330507280651300791523383442775594766023650348
9.1834861820663854285676140885967800411576405023287010284083304650117408215216798466603396419746132144
9.3163562896495974903680419293081606861802561869637629465746809390513682137854054091818107725379607862
9.4506356233383378251151360271329677669605642049500124344374049156423541477799613539630709355656311821
9.5863355636155963606867810015985077844508579540694440595618907833103027256773256109803164122211581683
9.7234676193777015029732522303084476264756101441673138547636490154880223865300804908684319130109207318
9.8620434305948313050637841360746838542268229819635630217508489210342233992813430293279852482737443418
10.0020747710268767203834845498436528322959468656335554329466957657633612769631281823764236475253623358
10.1435735509961241494730837280842462933672051258911145591831460842665720729886991607080839432309495183
10.2865518202182719061995654080696256116634851782385277243336873198759385535001843465622538365823204628
10.4310217706933442821313745456856884334829322325965032650418842625661898630906244894632845750795167426
10.5769957396581176446722210202457514134413325280654436895782820796179314502123015388553685711433322592
10.7244862126017255353852451063265810063140697440542745392441824210611382700957539608446769218569966043
10.8735058263461641129630122705327379414660638651384471739416922740974096631334789081639200235157617880
11.0240673721934755870184577392154801953365052625900091830970181801890423846628244274986461472120785529
11.1761837991414455942631488070491379921700042798678504808813230546058339927542365612577238343750835221
11.3298682171697108613165637727239344529135418463387723104460568248973952508614936493403388556996352518
11.4851339005982360657895780227425926423531284686361778147197185332864981804159806204686253748224290148
11.6419942915201836408575224385011635268673987507150112131271009433731718805807330451762397607585613225
11.8004630033112674639515777685074436995056811482378202760415320523027239010770812034849907517875182863
11.9605538242177510275533839780098879785592853832621950033592363215587653172649228638931523529230028367
12.1222807210253229141380004085001141602201329814311104386946800150853649233583627311079271567549476710
12.2856578428111572977358612276653766326972956451715934670448479718151083379546285672995082951320598785
12.4506995247815448861892347633996486794183135647417972897587531529448368524793727356667823342441988651
12.6174202921975603211977014359996955805970803986022302050369175820079503526822924699741940075788243460
12.7858348643913156936187385985371167391809232644422526700732182952846752369511547472451951633916589961
12.9559581588754366411548715042646794554546508925616422828463186225351161274892312048674514612231277675
13.1278052955484876127784330842939976403052430060972511193063407894627992168415756266713714674013553457
13.3013916009991664539330423297005209582698491407060622451855419652788584428330142160095660076430256878
13.4767326129121856406296949795451150050013159555580533650986944346018443194823528845780569873569067666
13.6538440845788584283298222697115539333793281430802209705287782250449875037027263721536001575579500452
13.8327419895155130500622369631433816737439207683625751406956498234798114876885309072505445633707120850
14.0134425261929670728395344804008349538613955980050420560939856420795363796955313819797920721441548109
14.1959621228804072860507516575614565255393760773443746722578521251953997547766031717160074053042311860
14.3803174426071382431553365401289216816969030010579319266539217898654412079998532370570481095322728671
14.5665253882457850113486834493736852686884249069422533953430420342648203083304314928225990069157820709
14.7546031077206630157166402904050210025493763608147678398672226405550418123975612701077114423803712302
14.9445679993451603182570795095224416946398254868395053977296279290186731378623380806877947124344859664
15.1364377172921154828345459868673423991022644616860012143667005520516557216497521801454573198615275818
15.3302301772013175913968143348703575163739803498196504036813091848738564687274980679410266759356985139
15.5259635619284042539720282411507509660943737229193921146772552091061795140653261452427682575530606683
15.7236563274395888677503076383675825883957814925538900028427423154583947663880919685493336880788567597
15.9233272088568102156746537674858953746642491587238271517392998908217653978055592352644715118375720927
16.1249952266580660540377712424584624021030245818154061052896178970615692772042720136442341263540338342
16.3286796930378679389468229196031137084596286377477820877030259363036902829952009281370423725588686274
16.5344002184329375171539932656668952001203931698289962355589792759144412036631143274381989024078727492
16.7421767182184552092316551953750713470036959127520512487017940966909227191683920067604939218290069819
16.9520294195803710125940284480942688797630368599810938158002551234701673790337188722124916102644751094
17.1639788685694944383422406151510748951494024844333569146674423183623066411580965533336941722165578519
17.3780459373432967801190528070304801398453669107250636532775130324030106640583007216890304065377335403
17.5942518316015844279929776633758648481460201765306256545759391142394615899774603166014915630161193337
17.8126180982224372421610064725573222017447067655423104059763506768948295162210738752390309033031687485
18.0331666331050515710990569146205963650499415958271056615286902097804242580436070917337055675054454262
18.2559196892263838441484459411451193156336976689613034741055950994353909962323563517028913656239207167
18.4808998849187583247588357007372666849256673525602594536515411076071573971544877815029634857666705637
18.7081302123758821426670998832009589139317379071658787301754902018953143701759755124346701676120399101
18.9376340463950027275398874511565434098941082099884865371625394666542037977640512906920836264741406023
19.1694351533632478727456649095251292228657305153148636898117583033966743755309190695277943190372970629
19.4035577004965075310470066783174871389640523655624269266257542726736150843988064112401699425132875236
19.6400262653395497868085371589869099815712064234067402189261744159216028153657598594141175464223631387
19.8788658455364120044361500667689891254275596240070114600096639242552470235997531785454718518658211139
20.1201018688804727052867028925604570872659081362604913470124478210977902328081639132063764312252379640
20.3637602036539911054349912687972908765214858288868459291413831883920238815972381063081665205029665096
20.6098671692673003326766362253025017480200631650202029488813100427380590573215383737552251943511734315
20.8584495472082580622672760940383728670312436201734490452034333096126197684927927473066749886821875175
21.1095345923129956507819343151562913264165443667518382453377349928695305217014302060224758035465117638
21.3631500443694648476129370402919550588619606839237464594689184510152217531436655536005976132986011994
21.6193241400657609271170799700733492736145497699345796758647900721336937545496563520451773591581485368
21.8780856252957037800248737264874598718002935488650460062319042918039752337568442219535104529061518903
22.1394637678346853691499193668607584046966332760672635391102420647642997750992430188674060733767606401
22.4034883703993443049864211179365475136514759168747978446350161724412638784538683699735131570499753648
22.6701897841052075243098682596779812608716130777622372287469200420022539377280252929639482428688322360
22.9395989223370466371271279739460206929043647030948905534361759360331819272681564361168511106904804508
23.2117472750473340125740069929344297048516299046005748057437381685921626698564416546443838612902745442
23.4866669234988527676726219390976390364895076156066903082398024799720914376524634176680684141365993854
23.7643905554682172725965632160953670587150749287361223315848102409175297117280826955453044062312904617
24.0449514809277984710086420490675761534814020446960012092710284920672850219043484025785231686757200054
24.3283836482243232309108175189045042829760242742724287209721009075957413208761449225995047158040139683
24.6147216607732312132645666301385607840770483824686675389060023441910875040673224211306800356726367659
24.9040007942887286304125392535048584841745371305172858171401414413909423093998926272478879595011909155
25.1962570145703781665830972451948540483822466572609098109682979623653276499146845261808245897798006191
25.4915269958680108057478418108027600085915494802188961221456870188103812679833848104707765238340985614
25.7898481398477410808368392544400267577523665576717171488670765363873119750654792727387854536077679222
26.0912585951829152234268621615985065985897710137134467344908597163074492946761777438297723893418313335
26.3957972777949249455610500689843152333430364811656939651543158476938661245412005578081551396400934522
26.7035038917699814206340380195162405985984765475383251213677628077782780527529033304849334361695096000
27.0144189509791679627445691383060833740360782278344464826538866568620004490666324392821358805419058118
27.3285838014303796833077196044434838288379941482212808100612133543657002466121249505048405492866349774
27.6460406443821180324397706541059787918561428944352529119393635293275478703449080984290545301326851286
27.9668325602505418845890836747443541295664998393123932567036261874162335997811301490371819102225483211
28.2910035333426892688529707020293477537004652417941842004713551844757570088603377613783629008958784646
28.6185984774503798540508865713363093269172273041251160911680859399424077313619479086326285237078144407
28.9496632623409930943221744533831085331836381461387200492365647454344797971878183982561357644705700184
29.2842447411830961037766930662190398437887659894499537091475597978704327610448392532244169181194714719
29.6223907789467748311473100748701899787809489938021209886225616107892420790429205366440708503611280912
29.9641502818205083420565810737590187216319827658902727888573514184931336491021260642019371787244058586
30.3095732276885258369466939408304392293532864917359476100243854030863257834932133021439551720100460201
30.6587106977148067772006732117414306349719367845302566577378527932700836223719735763507644615250299415
31.0116149090822340303881089187166251157309654963169228646161609015635039123525900620551608670029198409
31.3683392489378967196559148552270612108533953282655228545500719828246462465314011771068683522472644957
31.7289383095981725316351480539457502797062634395161967101025318418671491895401949431940062590020521018
32.0934679250700083292610743692178380882347842014479628435540434451177835499237244926013330125883735501
32.4619852089477734802943144353966413922174460672265729257701613610932829492854616917183312075088823217
32.8345485937481935803667785728611590511293483181638770737446650437322390236328629688354037673454828706
33.2112178717491952985896247081823048662070268204031681128777686496947774501853137670786516478400603255
33.5920542374020188984649483713622882225076884063085606529917734681962700423172797490102263551978554476
33.9771203313896975751116912904103751776643926203443043700401208278490881769104194488958063192681218667
34.3664802864089771675548623240408661748478069778981259494795219090307462016024815090835866219837556255
34.7601997747569722876507426493256798073944282633678997081621296266847328527615950125971700000857529001
35.1583460578083429609267388799517561643351729249597301156233477063743214508908998558162492811704607068
35.5609880374735483851272099437160165559237901493230727221541263489925509590344742856998744139872999563
35.9681963097338117660168127512346918740918484369629475029830996209025315529782049433779532295061662452
36.3800432203538344058752552054860911428264771723541338730555872292244658836419096443352557799471839858
36.7966029228790520940777669494510789820468643912987980555131612206093860688658922503081091900232295738
37.2179514390303581129494250575398569756815228254042363896820636727039772020249987363443633729722922041
37.6441667216157526675441275842450275283970619350770376076962874134468483034322910847846992981945487008
38.0753287200853484185535831999121605987420590922143527520688173347767047523342764107801490092227587247
38.5115194488635986988004041580044398274260566308759501130914254954913294886380999358839754075712627313
38.9528230586005543252431117801349614044755546249889421748275120159535542140837516382258247768037064613
39.3993259104924350788052274062355311524718462930700287968154803000821204247622619727243142534932350412
39.8511166538308645927730060279622990567842165631487211125941620208882564905239901098262370260956888951
40.3082863069498078368487527665451002373908810213110762290220800508342026861252771384500858204227967555
40.7709283417496178112905937551133167753679652520380124522104569617076432619685769511330440922429156765
41.2391387719886959886264098827477997851690328750785111761218537604022036237728152218814717442889359938
41.7130162455451577039083692091458548330611844498809749264333908845578616254668828797813449854001247694
42.1926621408636325360582424786785775769749631261688787028880655090730976758549997612605273874990369251
42.6781806678159898859629780257865057535270956611224278232872401625317483472163205993090557300043612400
43.1696789732194368591656148679681179575170053244874378836321356330903188159349809857825956246074100683
43.6672672512711715245489874457001496706034948345730503013204658704599986924394524744353260772794169883
44.1710588591756795726184421152467535733135829529076506078127507167589705588959490224070074827786940700
44.6811704382589346484505227896829868928125649888759109816803837895514759411146745827958226031183080040
45.1977220408833097448391800654087585513921527306570079321425591140125904298823650267745603117286038358
45.7208372634980467836920516540403491156957050428719490295923338206163588643397222481949852103108232770
46.2506433861827929492818561240283929660791916994473538705997272392948209533511462159608317469151857482
46.7872715190661370133622674132881243870814976770630175691672664497903840452942644341218895037993562310
47.3308567560274221830038481180263714133435852462359475229888701988286094278704181007951862932056766283
47.8815383361185446034345292436931279281115557290283084543498481260642856718271310039045154292482040867
48.4394598131731562538373933140362860215852622650895501393954106348261822307225235376126008983349486769
49.0047692341038841514582143437380126670270205993879986408184319355700205750589817433440852118961510266
49.5776193264240820739509096363554856890988862199374239437420894144688768675704720382884754104602913668
50.1581676955694973071678307702245488680255562931280028101269009716501419902358259346430304968252173675
50.7465770326373401059054124813186520391279458873399036708758969684417113758311973110518836698261523039
51.3430153332058934804565837511899518404879313849332583741359559203740294528414757176142185274791034245
51.9476561279473338004086244782020298082716558949769618437451339033904794036663405122671579378692972400
52.5606787258002228876569399060877980074088901939166795899536936165048573566036034533982401110009875459
53.1822684705265945263597478570680784487505316274251803893677199581363972223481138106128158895175116525
53.8126170115421526894044862557584455696735710979258657832197197082700919106182178262745910842009827955
54.4519225899773360590060691809273029490631569375079194644125654511407231181491582580880399439760484970
55.1003903410024513550495278026653895851302550711920450840513119063861005349606855951429117706125933074
55.7582326135323683417309469264208734468610428466949156664728055421426466325380088647927186775895771683
56.4256693085161059455191275074232980748648826093655867101200143528731546697767836612449321530789504623
57.1029282371148066057754275620541018735152211270422217865712165523806027659409376264024766645346625426
57.7902455001789712340355288856352538066692839616954985025857692462189529303658422852793367358610254444
58.4878658905533897880879573822309309757024633765815283623797060224813878612807912247724859733282177174
59.1960433198670491885451517523207539971098670799938016480143315260266046433394904254576601740319228201
59.9150412716066602332227860347232520192206160857290452947680530346791659635498228275014644283948320332
60.6451332824276975655474210921526851689668759896003048761885192064389698293247346548772473913609345134
61.3866034538275414248690559543464630768732124192476860799116277920267162346933714422031192149195535752
62.1397469964931906025451224751274128630107183670906319882372650146765325750995664467889833549631468291
62.9048708098430474310716612715332645644033065463824364634460499876642350462968538539361203354213530225
63.6822940995106744662133154686819392861737482186320369566131556793593805185719090138488486244172659625
64.4723490357706934843741815686449332444742588106726251038504497716303865428923276333059517685132217477
65.2753814561859747801097751667776483532751079213031982307308824034348670885037532020739495598403339131
66.0917516160641605708926679058236440298800616939723168797202879561168000134525567941164457537486475563
66.9218349906540264465999000262607025258519014309267970517455075746042380885595328704267720313246012435
67.7660231333923540385100222672951777962249839522751158695856612596130720209762423819761307984977924509
68.6247245949345861390524634909424907021530750315673338439046780861432535058269306243023982105075155551
69.4983659081729457335551864315445462005943066476543213158983491185781018076084519386768084830251208394
70.3873926449700736527427208019846189458924540815584777033977131325285693294493554100441766558912861897
71.2922705509216159444210883834059552751147550315984077220690693933537767223517569495448498962255779121
72.2134867651156441365756358879307932108218906820375501011401677173385490547092387628116684534892401531
73.1515511325895928679996337798482406581874587470469193654614618160288204496441678554469822696329754822
74.1069976180072234501258793828066891754507217487324217933751300376363279476185698278570191431436778380
75.0803858300012778004116223560922905036452754680265558954947304596001632558279220151591877498085961635
76.0723026666661985226805559360584082674150211812907567391733402670674095774544768475237872174561100186
77.0833640938560279509882364949710974321772893574146105657407068932824789936596868026843387285041995783
78.1142170692644740921643358049897878960890960374593670664031115336721829533859258028453112263066518890
79.1655416267593716714957202377649852432812102116182338403238871008077954916193867859153400390148139804
80.2380531371382797808992292797632156845500007441804575844196568295513240538779012442261816316643935294
81.3325047633960125916535421254797001162881260288997422953035388249092720306377146011741411560343240307
82.4496901307839446502597012340650967383306727611356915504108826890648017943129958379122040461807743008
83.5904462344365849781800390178895129775180162997836858574550201356629533904658345320373939969079231782
84.7556566101921598610808928097897817392214924488783785631093193781844028898885846914225539165191454667
85.9462547974985925867733126473650311821432406251763356481233243819717477302667936256980701657678962681
87.1632281270427294822769215898743261909569216493558526779515540207506564136966154320481625393456199722
88.4076218700501176961292401833599261262999413407866795959611305485356028376721829507614962931420390626
89.6805437911717113952717574945935179984907518120404665256621297882788295023342690843315448822090918235
90.9831691526179100362857899687697069102801807334402032237475516465266645030039702548739972600329806989
92.3167462238574335802422133159712900454521605091673694124530229228037542722315075385083038721979326431
93.6826023589346446854203316317620269639978177133410431394952579630417382749053120658886852133753132673
95.0821507124740467937219931160601025926221320891113286734487009408461575909279848450122888952853037894
96.5168976759767479643796464388431118268404779318513118908335158166608397877076469129973610074834922354
97.9884511283643725957128047492833165686952558001759822831308179829046866027697543949326377094424982111
99.4985296092490890369445373916042581229961731764046734878673910389464276612411728276838437718038836399
101.0489725405418585638392150367991387305860753956010741520344481321945189397080767953534378290041132637
102.6417516422923642780636168450452644021026517377737695773710008794707271137578689092968160259458748485
104.2789837127465076192157747530217956080157685720037050948674726782018475795275262102826403543891165603
105.9629449713324150807159631058614618469064032880721093912314493902568987621292471767595516171917764476
107.6960871976660199310344929124261733868463030307246092504602483342785311211764653527145574249427834233
109.4810559409810289068224760626367073718019276204935601680284505874045315882835188122173740293547655662
111.3207111242422834858135571440211949197709310675069681830518164695712606574231558365438838582268931458
113.2181504276261515375018547329267331805554740163627854815011303391863389388385172059822033648524915676
115.1767359096252456298006198888421993855484508365257669114264011028257732621182529239841928265920574041
117.2001244140518125397228217663850983065162557134575587659460063490380551017958902050771332352144611874
119.2923024219087368096021630083391155254809245943781074698409982602726620431901544274834988091597436482
121.4576261439458264460397831908616561896290757175196418398971001570428032740263781909581794662904535941
123.7008678198526911014920594611748269582057117964645019716833450742101105663847307035279489653632527009
126.0272694028079754842308479085671770370601418819610342868936973671084150905274375847414517788647458782
128.4426050758584207146914913399621565407216338811832747090332913185260551949520031642089803937584766518
130.9532543857818826002135751535885117078660084685710209384932345297939629008170696830042481013726019253
133.5662882127656305127701751790520225196264743627420664947894856778624733583941772618501484777569917506
136.2895703502891089775864273785070206481863298403141069176737646476098886746335046293573966985968074846
139.1318781898820220128886593965609961699593161391736576234177832880037326877997343348839618922517630062
142.1030469463091834883759553090682335804911666808892355236751598655653975994183149024243585480368216264
145.2141430988499940409314683932599052660702973494453664561977291055928527629017964128683873526815412859
148.4776743746225448604343283776761166217895670044342990911977738138500715276041415095126715388413023434
151.9078458187293139857469795057023968243296191866257416712656704731712593646734991897304615307707979016
155.5208745124374253383797865817814126532449359901264415878031510243229216705758910495077474517704069575
159.3353796505852366418693504458059493871625989012796776202865074645121234983075672687059257089091239636
163.3728704730384034259469633157969840089490004759432243847924212418846590428827834266138586746967918402
167.6583627190146972772296954443073743140274385273427361145367514272535363536861086339944255784303169798
172.2211660028139014703011321258551027816256033257684405760574139867616140596515456200799547313843115999
177.0959016244674888185131014179948773292834138517953053546419815562230808752017568279122245815488725192
182.3238357624785776346911334613930986121823165565670239317172149705666304341850899207730906675108278504
187.9546515617280752449264543992048064850750588285119195430616573608006901559295383435643829148774801579
194.0488434315019968706751410859255494638934195947256888473062221495326228127502652499903158456733091996
200.6810119432393851882859379727203688817380178309954764815208491138438897158454844363008436103293551781
207.9444931657487111230931624314963623017160216864421012236510058177900302997564193957293282711516948175
215.9580186234296922564805255276478833084174634314376122409910300767232160046349815219635300969658461044
224.8755611412827064402521232091508138117482683730594833738596266614796038629658196935979355551846281737
234.9013594027186370641777321986325733610968900238537250274395581231489611505446073207766001743491191346
246.3137183613981824032892242589638261072800025569071386868319323236578720207786820201834239447532018888
259.5044378916789669247625183929466234072139574586628455279765322875042582893770154824284280719960272739
275.0478016786493092450678184326693655904678893445016643660739855576042323506883389444458959757033053349
293.8298281572560141772739320479320703045612885356387585251463092769633917884042653806423140764479369076
317.3127469807164774630884594607154065118130961333956954468985615474194751393702660829695199367763942082
348.1443760332688957063874826177424170349478761638757074784760735595176320837359111296924247524767243186
391.8222209426773225770700589413952468957444969614197679774357337172377670746315091487280543449608730981
462.6410191304944050997281551285162327748357079905547848708825643542819510208435094224498862874477318005
619.5969687850993642000025299567926993941885906806642870233900009342575109740751934961237068700972243200