0.0065767291598576802462343454363023075281055497485421118391905271342071470068429519914954915001023982
0.0152812325189280293750726053662211032334507615548019363689314753441455513924210884620686048965108550
0.0239174458594804738397479681899377923291865090916318627879394659145189233271265031337756644022030867
0.0323888043265087858925792036152339015753678419418569077565219285336862361255335430575739074716958203
0.0405616417669805130989928115391170929923947146660207120088111329188864187187023594321088126732155110
0.0482440930313274173223059867777615107278205641879671028919835429591649127729375276297152028887589692
0.0551822093948676234740620517328155780353370060693147823161362376361339338883885139408772935512896000
0.0610676869040335189234716327641505742029371347571029277753052089541210161138785565368661592371565498
0.0655598042031115513537953315811169064176336570723497845353038307784295060922352700478849526165117163
0.0683228922219921768692652175039965592891834296427644083815149791261986929474473083531595978559693304
0.0690773993094329122087528923928705469165260002147074980900311597388722511267532286403723332911451989
0.0676579746391612316459648680036528354046271293224254587561296544353237669248255827529621329192066433
0.0640671117384161243377554862202289205762427549254063375193344110323324406979084174677142314399502651
0.0585097024176636157907343533694276297181328653911360066573359500302170096150519495911909026348310511
0.0513945540965304378872526621678691886900776329919669964454748330498151188176300576197900177301285397
0.0432949426078898913583249182030154951160258846778112171446176852885328173286077680445260359428101498
0.0348710493155287470742068279975063392232823254919701082661281518285199520136928000882599134075467726
0.0267695434809265360275231251693327430933075917753411771715805085635702991508294523603767232850825870
0.0195246911627667457998592400775288205029844326417085940655673323093967646046492260814984080001869192
0.0134866441795527260985669001979546168241389121986401720631673716324426103114944558364186240631570406
0.0087944246098967391934350878283138110624280990101036170044599688862720916547040124532022514062341419
0.0053964143853612469981934903796598751878371369008155617748619391034256620478187556764300957529220493
0.0031060913875934333918232260186988960630240636629291960157191076776874239880648433182529222239143146
0.0016716999500417958610401161585291472891915627921566137676275302868763080468863860992149424710121225
0.0008386264685269740840476700084153430801187418700518132600682951439063529892437497221807867609788286
0.0003909138133692047990359753666268369221942925141461382040756680373673649017874619497021444511843863
0.0001687850345312931702143886216757528339878441779273932839151269110077092902954072744345053787641997
0.0000672920574598403132448994941693834062114046715344670480127625517017449702416519077101847205120689
0.0000246945141729904438953524960609769592111282843029320206271087836049922278465443410785072288751784
0.0000083149858904285344281599930881610625438063912347877894561091660104548345208361719539737650753075
0.0000025606228579685491588934789693942804271074811945421943053094855915753482909978813891904246787242
0.0000007188286518293643186517366331030452547903363826576955369906270199234763139748363244703100539872
0.0000001833323512146797767909485083788217944970278375558294061857445271597593419730707591332895828386
0.0000000423332664321823283300385568789486353796860640029979868225249235701378440777427162059477569519
0.0000000088185053808561765913418366977916078365747521448214597290528364496244173701541442850663592946
0.0000000016510329179007211858792746473359308014724065099916545089531791895217919030986056398266637063
0.0000000002767349020997860048857712612444912578710496049877480364836274795727064974818416615657642673
0.0000000000413550286485925133840684506351509279352309658240515190117525251509812054885697344252494886
0.0000000000054859329269014141445385532900150169136804082698638350850561793892966770908472918273340775
0.0000000000006429936449850681729024315081469036448494651736903511768154695058877680474903788838579610
0.0000000000000662562447261396405971136258883930624346526965588360700163497169360385033614565286802675
0.0000000000000059699429682308738285428439568580662281925813629224787036228870407598267818697260474501
0.0000000000000004676240990304542535246230282610673624261282927083783619451130734512587976748536183349
0.0000000000000000316398288606319292807363740172319965871611755634369933468376054547714221381323712183
0.0000000000000000018362672589321331036044458727722902830698090245087882894570824577262753267645966327
0.0000000000000000000907056364625579027381885041864607257643987445581604642080363270462975010840755449
0.0000000000000000000037807682940892260271652760286636254249282391622671444407500821721622696040671596
0.0000000000000000000001316950068415545924826242089036457525005383275273624889291241075755228494721479
0.0000000000000000000000037918528603773267758224858625129768354643141224909690194257336203508752980040
0.0000000000000000000000000891277310695528054087130441011589337714357109041472201770549107440748578890
0.0000000000000000000000000016858786687097206179881580830976180748406212827374753829632070886434548805
0.0000000000000000000000000000252379693545776447327146930328982733683721369744100022493474431784174940
0.0000000000000000000000000000002932149358013291596421440021505300211370174625359855001596107073639149
0.0000000000000000000000000000000025827182676974982770235597788239334989365009378759323017916659581555
0.0000000000000000000000000000000000167666150415948689938595793450474949153725396219236999640697532918
0.0000000000000000000000000000000000000774717489330204233779085289318265952070828347684760434833094907
0.0000000000000000000000000000000000000002438184692789205971053919718473611839920896260431199878428654
0.0000000000000000000000000000000000000000004936837592099203973499424618342954699045182132957668657755
0.0000000000000000000000000000000000000000000005957259952880428184080937194626635640804378353509738147
0.0000000000000000000000000000000000000000000000003847306245059981456959543126968588007010837834047819
0.0000000000000000000000000000000000000000000000000001132249222156872186261707034413196952203722230123
0.0000000000000000000000000000000000000000000000000000000116681846699036017124877128059641925501744896
0.0000000000000000000000000000000000000000000000000000000000002553855924881447926118066569285525341142
0.0000000000000000000000000000000000000000000000000000000000000000003342570767962513158835402296787037