0.0000000432101249747944161736237770627615287296898863958305201628128942400003417149364726073963077789
0.0000027831295095173943703591272547956518086820140288527541665437073746077482032164097762723104372044
0.0000262556529110056115826504919644265474009942592712162788700057346298981859151752656216794243473531
0.0001223683272588692881100696767704467685548572245861479123208386082395350318145222053247281369927958
0.0003940813007359719820529470985795984098748211152281338304552014247060589556318677166863679148296574
0.0010099072102459530898173536042566708421613277389669660222576215759581037700999130511183759225916164
0.0022151191586279513164589336438288942195736480173173325313205408658120368339147123894717768388289647
0.0043393319698842633406727077187530789772044159111642980058178930309697243224104296181107445765254503
0.0078004035788264588648325618199223950509187602223669896550334374976082353076391868174309875622704390
0.0131048608200533744579030540725589637791147167671496153806818801968303816926324987537988396811713677
0.0208452638960828213340400409786992057420884749073053106052558426649217761100907836779081937878632953
0.0316950725432993433647560536240640252939737517766030813207407292354801385365990027839915655905344516
0.0464016601118510026335760988218104456975747077210965932263676862564056504633846017599566693521321819
0.0657781435160051535008790928110594240278905940649500128579820187486845885570236376249008953325877903
0.0906946674224076765339860192216044209169132409342369191275758890247962947524553489506034361255759411
0.1220697136141505701929866387504638210789281407777909099943532460324862857290735822265633056259053476
0.1608619155522837390554297076131941336529143775327835453440350662942588067641892740046592615358103732
0.2080627570265538776463371929110724595497522066377871794580437957997825245975470533978010960737855563
0.2646904333945591432027173206645026848177111193213942933685291945119711848829371546795260354656593052
0.3317850623212520803560343347383264467476801625378559883753389462193718656272965414257541297236208729
0.4104053533218822049607251323250769062651671211777453287746058167371322827132778201441690277308077616
0.5016267844164401156358248148850644533742292035403362545192680407602678556060760012063894035717308664
0.6065412904727159972037721672915605079925400178904214985677252205169178663548132329401171194877937265
0.7262584406207675572904502735917336120913792398185639445441809007384049730513627795836901483294415596
0.8619080699257460114055240339371413833928145703151100207224628761852883068450569406683261880123064850
1.0146443314344446882308012076821996956900525039370359330517530339000669255194673809846673806017597536
1.1856511469182642009223210100123359545565557632028994810716238197982571879623605905120995731838558025
1.3761490565664501974860863662242506062102968333598533907962113586380167931784699430055725491077171722
1.5874034984515494331887054644133254340203192793698520611479896706490840158772200064567847026730438570
1.8207345872960370682192123002462505665776914963561027383541119883704813469219975433104548259140111104
2.0775285090974274249077853005625383797064518301027954807411097303716228907314307251887256490032271681
2.3592507044718550545041218812550882071896055541762708771425476022998964739185718585869511569953055733
2.6674610809926969373034634099393810456431894026790466948063429678053139615244620372661389196332043823
3.0038315762287636061384831549264046681885154969382755980223431050604667696570212342596588202243963521
3.3701664928418386194382073850948203615672982089092614783844176147489321401425178169805649826449638613
3.7684261509148613377572948255478524882514193256565249238390558004977148077369335628796453528569877682
4.2007545588835235215971588152341495421752592272977927186094350006179651150203410449068819234508365009
4.6695120044564328043604255817748958348733901563920852269792711412172603404000088576681968598243735044
5.1773137266575415994389760813470534647039802009092413970686910331514141236136883287268772634088870597
5.7270761720152765587725373351740363299978713303316576877226288762813668061218008641249585008415359760
6.3220727938363646102214243924076209279767675102405551280297051442950106517027237177934359617811260463
6.9660019693843797565467860035427278880966067902277582637257629030373996910628819608633290051897415579
7.6630704527843487987686132261528634700997464559692982858940786504094358760304181839979696255232268633
8.4180969512387461191769526730857597469469920212875078188692498450447156818942270725361253929230326762
9.2366420589680318572243833792619946606730545236051350586290886949234085841475634245151761103213453647
10.1251731379509373165881809195005447328739155518398846865891642931965423336601964924698327208381611263
11.0912761582575526339530847595400397630725546894120983310515627098086038644805408665305537019849617234
12.1439315809984386354260730842318208266433804663033118541714729701944865105121041819335898203839661737
13.2938790284087108460213363620112989668635082547403199247873624956818505393147949887647058913697880712
14.5541073240559712651750627174093082346412665467742476202669007878139013159192999948937848815629269536
15.9405252398402156205464815888840634953830034414288960698366864011179550983101274204337456369672180403
17.4728988365249621967353701760656798257708142668139466695221879711358665046858579537555297530174315323
19.1761926495950043296232531231470352017782424576830008292739154295451949482426943994034388590698903085
21.0825415076658254566277834837156685687230322506797506611943933925919415372139809960936028694481481742
23.2342424725378566617460387810291690154298688809523531929178220148924709208033620494293262702510499392
25.6884667576436434296494685340735081184699624806904657329486538626024299043056793345553093386805679454
28.5250185563202192160341840925551488959349151408050416744756880052121798595723556158806358136566755339
31.8598254766259025435889700230084793796692005913790758732323782749849785127780989214414568149727458119
35.8700467007646091708309369096761508334580936372046458459936730701057224865778707237713620750502765092
40.8450941111478109488377052431499493537990912875302033808689127310573927990627207529574889326357566252
47.3033257419484573369279006013994056360998948113987339061199507982027531223168310336027756644394781208
56.3082069240528895562504451538523422169997171281724106368066309524026548929256217759102784053179977178
70.5886325782292459948724039797295546983465275781156557667994396165444825173497324668371257360697840824
101.2387027735415106445475560118815739382517047089955557513385975207577059224895777087823825591256848009