0.0000657097980439170205292065281010126972988331761448899882986982931185893358890434023274851783300813
0.0002312877816726591846023998537004516449522008180889490955555935529416584947122595425592316842283086
0.0003728506823729562842624504031602939276818362231636929561189633624717172397571701271838416256584373
0.0005295852579871850817944731666107794312452178334539797924333641085416096008477250539285142987029661
0.0006752503958543603829358144286256594380016556033296160929837515432899486634873247068092117116104334
0.0008293915568428958299113734320819321168316440039502718648465816244839449563281770299970647498273193
0.0009763798740009822902481574760486579839484483790851499559238499741835826492872666070583966545922855
0.0011291706262441668988178553541261405574839613969206367765916976308238674382690097617088533229011250
0.0012766353504150767871683492305221151016495220433722202023336662733833772426037176655525316286359595
0.0014284555305697962851266319602602718392532586749157993072776415121142223857850908712724595139761585
0.0015759940415606536714259309584578425512626121569826471371313210178985648097993339457018279786247265
0.0017269715662436808805088020440486058681538426385736840459741897922799929268064273120512762974156563
0.0018743355280276303018055402907049128200652056686305171653086941424383036824571212017630986627414493
0.0020244990685834351512247073393253863744177539819639044550564687194636359125360350134090433040080061
0.0021715076480008406806385559122365805918689610670417675538971704660340493816065672490565181393783410
0.0023208391599935558468569053058596032728708770708196539963113030669413835244026037188998272297608171
0.0024673458036774384841367182023441381095178283776699521119511391213602642922729659313703456193701126
0.0026158025337046504524246014208069895859363248442555881860745399906412062378747063221209194972025388
0.0027616800536104673491388546265538423837287801981299605304457705598932973567555111248016217529742365
0.0029092050891045765211134546426767003217860737899219874041767802072293618700786402901851007716701403
0.0030543381763756069028170882679704147740968801401652071840209563458256099219636403348086440235717222
0.0032008660299844068053648255652372941466930938863098127395257400170933882870189648623330343496744484
0.0033451471754560400950855831905330475176260848972133228960799488014786344743532638323323514583292096
0.0034906069771628262465608370036311700472436362759699603336930749261761147886461515121531004826897979
0.0036339341052747077979140606521654101407725433743448125169147713979355744069992539343910116807176502
0.0037782515441072030872386680794643839399494756483553627060212097777727794191819886359523067331364443
0.0039205265731718512228078786772972662648937786372451637383312072348968944169206481705947546963737248
0.0040636251415390966047566062299120612351648671402648383386363138842815526137901943215245479974223248
0.0042047530748344539125395648132834745153666945513153240607878704963900850214444865378805183684460294
0.0043465549027717611959556882538921676158677823135996940756764790003849054000649751924353891601497782
0.0044864432387020279094737572000594105015177537542058784985942507163112914638699359556987930793810873
0.0046268696760645606463891830227731711534031163072804867003962032111772251163707578328348105590561784
0.0047654280179228470617241208265032558136268481901456691525528727537728234899629223646192012725777198
0.0049044000557370999981502594648378712193378424604136150259944968576418270248857298093230530395162999
0.0050415398506260461615352634464287065265718634091327861043223265812446974142412982732035211186792477
0.0051789784364214639642318674734229965115722074208407059274518683379259915305630185480457233113968086
0.0053146128001944845344951745182156408959652442940746197769288934406722850518418705225222443051197890
0.0054504390814370248594225373593992230414690258570906033890706968081105785134216349464645909493528600
0.0055844826823652844520573002689231753391131587856062915857743110216170113470682884221787461358500695
0.0057186181998837771720907885464775353148511141789262825291877244436404876365762815592634076852206545
0.0058509871832758946583099255370668752283176803255868505136399709178859680106635994194219383760206459
0.0059833540291026987727262732495419866136583747324966623054032465227009723183825549577997391066704048
0.0061139659710071596484191031443474673559924787899497224376714258579355973849961619009023632655851393
0.0062444869203586476418946450389011177961517587998710173729549515457015216074908062129766003146351268
0.0063732608022399243350269455744755845083229890686259057197458771846477367094406752519042118800736064
0.0065018594263328893752339109423237653446915204452631841986866024832223744872951700895703162113859976
0.0066287156250676971696345233895180463093633187954638576784923025769747615064191326276681770520212528
0.0067553163894679431403279510724725692740519331928069323519103102565051094526409731332261839865541831
0.0068801766786465451037839879447426817757561287111711592484925136743151264554756506430865390668185169
0.0070047050304981716723764854142510995275352923213089124988641320732099818499504948263020360454095553
0.0071274925901307730433035321119723228853519596473876355565081977600875886705974687948257377353488785
0.0072498750366892555064527002060038443937321266662103371600691863347179259873993639940413105086320603
0.0073705144691901705687544447024349899363788473704617951479492976547201679409492658952514488550953007
0.0074906786494360511658557487411216196104039123146655250206131334263391350185508942692760094203675814
0.0076090960003024803180349849197384381346351453602972059419384402325910425278430208498960653002913619
0.0077269707509541186584921115900642200406247890208252217600493509317247954131429161665419790742453667
0.0078430935329453868156060952569026111425516538434013846180235718067996667012631253017925122599675744
0.0079586089498595041716062486229382983226464889992245821117447003331961529369353251180606279567914082
0.0080723661697645747340560281795721023487794361193013591029213222287172677733533422449929301709970749
0.0081854536654730719037199769302925166488785212297488341862328623061724605681769651372901496118373786
0.0082967758527611451208464699649133982043158252507528684533347268464387240034554695080245214109347350
0.0084073682107155133787300338384351888984802493668451427769825592446636989177147422680389374934202190
0.0085161874475182895900009058584443636617175060795326139251715021683677665876692191742453696028278265
0.0086242188734808650271024912697667281276207559254364787643446058479193237461426027223741785842666413
0.0087304688254705597954207146780574591322538074046141725042733127765820969658982465208918415564128329
0.0088358749963924225973253768304342250949721459285472347450562694660703561307669554342408611674027798
0.0089394909442072920947717253383634466684478155474046559710572059915443020422228750326821942265707093
0.0090422090548570320505729758660245998708654637753456482425940983459901506726518357645521668028708691
0.0091431279257933685318766125152767365244371688405296855298294007510880322969808967186075249232412348
0.0092430967333430085518603396284564004181756530132536918828031594549543892259479499417428433366921993
0.0093412571330845602008531654158593656622705339572344290664529079343416404341807427897544981978756039
0.0094384169998141828478681460885992182786939333622561523635910288723047269018048188810186669889907841
0.0095337592440105418689642403402108534793938200758528990243372150941025898941770102744779400678137659
0.0096280521782583548111241713680564994246908663716229493205715534390198230286335259135605731145520453
0.0097205183237958176922932338188789912847846381208345530731253380360093036621846631213450063103018866
0.0098118880192531420236852081711295708854199890872326679919581801055114889618658610780125201310352609
0.0099014218950869218989371704182821259600125102262271871389960668336468275227974562811056812535975281
0.0099898137685161296358376630281537889557464259999018815494778829546636667412214112290153376553483455
0.0100763610059531139372513791345000336286112558860391756024980831317434011173366543833796289150491579
0.0101617222333895606997912990890085907554986567071512690053023069751828634295176358250254185281958677
0.0102452302957271989922020024702730790716986688888387238153899008409948833917298629828342818133865290
0.0103275098472127027764366256906218782210806103837852049147698832474338157083847941121829632735995247
0.0104079280586529427721235735547381478673232553395258522254469998767190865973823077148575205582055330
0.0104870767315375964446126462952596807963121345072567113220071484321403922193202548047552383816080151
0.0105643563053057182578115865170916888301465453788574100041099103201673085213545977706514089241082506
0.0106403267561462156253236150854053489944732234417526418330262801811225923856704785886412719602181953
0.0107144208217534500131815827120358757311599993050038014439897540722147144924468029627339441833222784
0.0107871675968292089764135669350195099936822602579786108588886102708113049791910522249457780798077197
0.0108580312264255546002333428334366726244349736695456469686419922982708452004612103168543952594276595
0.0109275107908883915316850731389229335143247820438749493692259066823518241921892702710724829236000729
0.0109951010246583724678203145867835749937141446925979879459830565043356794992477623039100898566163355
0.0110612717903270506256401433756635893757292361201523164460161616748051612105387598191907095043652666
0.0111255476608865158158300628266314403163540112404452265534742991115978593169191423888890672141596484
0.0111883700126939460459557917426906089237288199075806752585612735433213539373417157609892227696397631
0.0112492925684505939393104519208240264059515061602297495069899057061332467736289251115979313666969999
0.0113087288895486411649732647525727228513158643497526238234277612350546647698446013062010740088923452
0.0113662612169929033627154929455262458772481384174160696664532474819203195763338877872706443906308237
0.0114222759125175147071469434338985963661811552649214246666796563673139302496529306057835584088400346
0.0114763831574138696728965166272474818877059727467428582504106514942804819471519780730861057218940381
0.0115289426769114834400764156696422773375778903068282382450939834990488990297841369579480017629896112
0.0115795920643632894291869824864993425400070708590735623434594125411928531626250348957367659832827282
0.0116286649228781233394149142190263862376138410263794803222205342707253293621824496526896213738509558
0.0116758257762417343128997723133543428250000014189672221895983741239773688980780937939263966941832733
0.0117213825740625174859455543106958229314465759718791662761773609262997985900458206325358395654323264
0.0117650263326888380406172666908211194062716829434298006364236452457921815810418752552889990121367367
0.0118070397737527882994251118724112996693163166347459615960567901941885211639379366442433853618433068
0.0118471400095365831797427026348345903802350471301807471029916702081991217845845213184423067155124466
0.0118855849184878936299459357031057418334568187566928939121070864741921635050467911619580500697629399
0.0119221173512071346427964968595149955551538774050813424758001399795558014049097275771353064968101069
0.0119569706891068836573615107870941238678195220011050788679543789288718649027462731189204679376967308
0.0119899132005362249303208410576149002413639727769044278672431835898495102242163113194092381766217180
0.0120211540792204306587041949560063132605218764482374225853415125034808185260546089208943504149796827
0.0120504867260045794489567138561211434081361084204555221494720777895872081493039360205462704058911450
0.0120780964210870580423097856929966033850703569010621988093808627441613417597021714280822888023785570
0.0121038014463613752946509551378293724250584510090514543276433329078276784006187967180668913209214261
0.0121277634088781096744397876231277149537786531050853618944965512821159201812442354240377529671529064
0.0121498252526252510306170876422781788809646109940495671282329030278497546342301793773584312190503870
0.0121701251193171161048341866309782730755752517520599438661006223964968985411876255481278872862745827
0.0121885304274499258166219270836735468672648003641824328745338781278368992258751984908014148227946728
0.0122051560296808311793956568503923449787980565063512599377649473892268438816209243936947251598674427
0.0122198936618430416468903616006577701397323348141789118410462400457354703654260396607805706120334594
0.0122328350331508308002753373494185037371903171634516500842294402477314772750267300248223093571208616
0.0122438960692284105390479589014763668496202002139085009702802473108194150150696566370785623026483215
0.0122531454515061851332111962852547824316582373616838531569883203734143102603723556176244258225409774
0.0122605231968434275809371838543713463244871611649011158528693904859519338806362483350180150761361337
0.0122660750451493360705842030756119183832662323524838208795114021329753637500336413286567373820436926
0.0122697650344649992341129544350956509097859943691626272123883159928982800755025424869371355774000350
0.0122716160204589327903536263092387892739722115625692019587797945268146465552263202095506572272041519
0.0122716160204589327903536263092387892739722115625692019587797945268146465552263202095506572272041519
0.0122697650344649992341129544350956509097859943691626272123883159928982800755025424869371355774000350
0.0122660750451493360705842030756119183832662323524838208795114021329753637500336413286567373820436926
0.0122605231968434275809371838543713463244871611649011158528693904859519338806362483350180150761361337
0.0122531454515061851332111962852547824316582373616838531569883203734143102603723556176244258225409774
0.0122438960692284105390479589014763668496202002139085009702802473108194150150696566370785623026483215
0.0122328350331508308002753373494185037371903171634516500842294402477314772750267300248223093571208616
0.0122198936618430416468903616006577701397323348141789118410462400457354703654260396607805706120334594
0.0122051560296808311793956568503923449787980565063512599377649473892268438816209243936947251598674427
0.0121885304274499258166219270836735468672648003641824328745338781278368992258751984908014148227946728
0.0121701251193171161048341866309782730755752517520599438661006223964968985411876255481278872862745827
0.0121498252526252510306170876422781788809646109940495671282329030278497546342301793773584312190503870
0.0121277634088781096744397876231277149537786531050853618944965512821159201812442354240377529671529064
0.0121038014463613752946509551378293724250584510090514543276433329078276784006187967180668913209214261
0.0120780964210870580423097856929966033850703569010621988093808627441613417597021714280822888023785570
0.0120504867260045794489567138561211434081361084204555221494720777895872081493039360205462704058911450
0.0120211540792204306587041949560063132605218764482374225853415125034808185260546089208943504149796827
0.0119899132005362249303208410576149002413639727769044278672431835898495102242163113194092381766217180
0.0119569706891068836573615107870941238678195220011050788679543789288718649027462731189204679376967308
0.0119221173512071346427964968595149955551538774050813424758001399795558014049097275771353064968101069
0.0118855849184878936299459357031057418334568187566928939121070864741921635050467911619580500697629399
0.0118471400095365831797427026348345903802350471301807471029916702081991217845845213184423067155124466
0.0118070397737527882994251118724112996693163166347459615960567901941885211639379366442433853618433068
0.0117650263326888380406172666908211194062716829434298006364236452457921815810418752552889990121367367
0.0117213825740625174859455543106958229314465759718791662761773609262997985900458206325358395654323264
0.0116758257762417343128997723133543428250000014189672221895983741239773688980780937939263966941832733
0.0116286649228781233394149142190263862376138410263794803222205342707253293621824496526896213738509558
0.0115795920643632894291869824864993425400070708590735623434594125411928531626250348957367659832827282
0.0115289426769114834400764156696422773375778903068282382450939834990488990297841369579480017629896112
0.0114763831574138696728965166272474818877059727467428582504106514942804819471519780730861057218940381
0.0114222759125175147071469434338985963661811552649214246666796563673139302496529306057835584088400346
0.0113662612169929033627154929455262458772481384174160696664532474819203195763338877872706443906308237
0.0113087288895486411649732647525727228513158643497526238234277612350546647698446013062010740088923452
0.0112492925684505939393104519208240264059515061602297495069899057061332467736289251115979313666969999
0.0111883700126939460459557917426906089237288199075806752585612735433213539373417157609892227696397631
0.0111255476608865158158300628266314403163540112404452265534742991115978593169191423888890672141596484
0.0110612717903270506256401433756635893757292361201523164460161616748051612105387598191907095043652666
0.0109951010246583724678203145867835749937141446925979879459830565043356794992477623039100898566163355
0.0109275107908883915316850731389229335143247820438749493692259066823518241921892702710724829236000729
0.0108580312264255546002333428334366726244349736695456469686419922982708452004612103168543952594276595
0.0107871675968292089764135669350195099936822602579786108588886102708113049791910522249457780798077197
0.0107144208217534500131815827120358757311599993050038014439897540722147144924468029627339441833222784
0.0106403267561462156253236150854053489944732234417526418330262801811225923856704785886412719602181953
0.0105643563053057182578115865170916888301465453788574100041099103201673085213545977706514089241082506
0.0104870767315375964446126462952596807963121345072567113220071484321403922193202548047552383816080151
0.0104079280586529427721235735547381478673232553395258522254469998767190865973823077148575205582055330
0.0103275098472127027764366256906218782210806103837852049147698832474338157083847941121829632735995247
0.0102452302957271989922020024702730790716986688888387238153899008409948833917298629828342818133865290
0.0101617222333895606997912990890085907554986567071512690053023069751828634295176358250254185281958677
0.0100763610059531139372513791345000336286112558860391756024980831317434011173366543833796289150491579
0.0099898137685161296358376630281537889557464259999018815494778829546636667412214112290153376553483455
0.0099014218950869218989371704182821259600125102262271871389960668336468275227974562811056812535975281
0.0098118880192531420236852081711295708854199890872326679919581801055114889618658610780125201310352609
0.0097205183237958176922932338188789912847846381208345530731253380360093036621846631213450063103018866
0.0096280521782583548111241713680564994246908663716229493205715534390198230286335259135605731145520453
0.0095337592440105418689642403402108534793938200758528990243372150941025898941770102744779400678137659
0.0094384169998141828478681460885992182786939333622561523635910288723047269018048188810186669889907841
0.0093412571330845602008531654158593656622705339572344290664529079343416404341807427897544981978756039
0.0092430967333430085518603396284564004181756530132536918828031594549543892259479499417428433366921993
0.0091431279257933685318766125152767365244371688405296855298294007510880322969808967186075249232412348
0.0090422090548570320505729758660245998708654637753456482425940983459901506726518357645521668028708691
0.0089394909442072920947717253383634466684478155474046559710572059915443020422228750326821942265707093
0.0088358749963924225973253768304342250949721459285472347450562694660703561307669554342408611674027798
0.0087304688254705597954207146780574591322538074046141725042733127765820969658982465208918415564128329
0.0086242188734808650271024912697667281276207559254364787643446058479193237461426027223741785842666413
0.0085161874475182895900009058584443636617175060795326139251715021683677665876692191742453696028278265
0.0084073682107155133787300338384351888984802493668451427769825592446636989177147422680389374934202190
0.0082967758527611451208464699649133982043158252507528684533347268464387240034554695080245214109347350
0.0081854536654730719037199769302925166488785212297488341862328623061724605681769651372901496118373786
0.0080723661697645747340560281795721023487794361193013591029213222287172677733533422449929301709970749
0.0079586089498595041716062486229382983226464889992245821117447003331961529369353251180606279567914082
0.0078430935329453868156060952569026111425516538434013846180235718067996667012631253017925122599675744
0.0077269707509541186584921115900642200406247890208252217600493509317247954131429161665419790742453667
0.0076090960003024803180349849197384381346351453602972059419384402325910425278430208498960653002913619
0.0074906786494360511658557487411216196104039123146655250206131334263391350185508942692760094203675814
0.0073705144691901705687544447024349899363788473704617951479492976547201679409492658952514488550953007
0.0072498750366892555064527002060038443937321266662103371600691863347179259873993639940413105086320603
0.0071274925901307730433035321119723228853519596473876355565081977600875886705974687948257377353488785
0.0070047050304981716723764854142510995275352923213089124988641320732099818499504948263020360454095553
0.0068801766786465451037839879447426817757561287111711592484925136743151264554756506430865390668185169
0.0067553163894679431403279510724725692740519331928069323519103102565051094526409731332261839865541831
0.0066287156250676971696345233895180463093633187954638576784923025769747615064191326276681770520212528
0.0065018594263328893752339109423237653446915204452631841986866024832223744872951700895703162113859976
0.0063732608022399243350269455744755845083229890686259057197458771846477367094406752519042118800736064
0.0062444869203586476418946450389011177961517587998710173729549515457015216074908062129766003146351268
0.0061139659710071596484191031443474673559924787899497224376714258579355973849961619009023632655851393
0.0059833540291026987727262732495419866136583747324966623054032465227009723183825549577997391066704048
0.0058509871832758946583099255370668752283176803255868505136399709178859680106635994194219383760206459
0.0057186181998837771720907885464775353148511141789262825291877244436404876365762815592634076852206545
0.0055844826823652844520573002689231753391131587856062915857743110216170113470682884221787461358500695
0.0054504390814370248594225373593992230414690258570906033890706968081105785134216349464645909493528600
0.0053146128001944845344951745182156408959652442940746197769288934406722850518418705225222443051197890
0.0051789784364214639642318674734229965115722074208407059274518683379259915305630185480457233113968086
0.0050415398506260461615352634464287065265718634091327861043223265812446974142412982732035211186792477
0.0049044000557370999981502594648378712193378424604136150259944968576418270248857298093230530395162999
0.0047654280179228470617241208265032558136268481901456691525528727537728234899629223646192012725777198
0.0046268696760645606463891830227731711534031163072804867003962032111772251163707578328348105590561784
0.0044864432387020279094737572000594105015177537542058784985942507163112914638699359556987930793810873
0.0043465549027717611959556882538921676158677823135996940756764790003849054000649751924353891601497782
0.0042047530748344539125395648132834745153666945513153240607878704963900850214444865378805183684460294
0.0040636251415390966047566062299120612351648671402648383386363138842815526137901943215245479974223248
0.0039205265731718512228078786772972662648937786372451637383312072348968944169206481705947546963737248
0.0037782515441072030872386680794643839399494756483553627060212097777727794191819886359523067331364443
0.0036339341052747077979140606521654101407725433743448125169147713979355744069992539343910116807176502
0.0034906069771628262465608370036311700472436362759699603336930749261761147886461515121531004826897979
0.0033451471754560400950855831905330475176260848972133228960799488014786344743532638323323514583292096
0.0032008660299844068053648255652372941466930938863098127395257400170933882870189648623330343496744484
0.0030543381763756069028170882679704147740968801401652071840209563458256099219636403348086440235717222
0.0029092050891045765211134546426767003217860737899219874041767802072293618700786402901851007716701403
0.0027616800536104673491388546265538423837287801981299605304457705598932973567555111248016217529742365
0.0026158025337046504524246014208069895859363248442555881860745399906412062378747063221209194972025388
0.0024673458036774384841367182023441381095178283776699521119511391213602642922729659313703456193701126
0.0023208391599935558468569053058596032728708770708196539963113030669413835244026037188998272297608171
0.0021715076480008406806385559122365805918689610670417675538971704660340493816065672490565181393783410
0.0020244990685834351512247073393253863744177539819639044550564687194636359125360350134090433040080061
0.0018743355280276303018055402907049128200652056686305171653086941424383036824571212017630986627414493
0.0017269715662436808805088020440486058681538426385736840459741897922799929268064273120512762974156563
0.0015759940415606536714259309584578425512626121569826471371313210178985648097993339457018279786247265
0.0014284555305697962851266319602602718392532586749157993072776415121142223857850908712724595139761585
0.0012766353504150767871683492305221151016495220433722202023336662733833772426037176655525316286359595
0.0011291706262441668988178553541261405574839613969206367765916976308238674382690097617088533229011250
0.0009763798740009822902481574760486579839484483790851499559238499741835826492872666070583966545922855
0.0008293915568428958299113734320819321168316440039502718648465816244839449563281770299970647498273193
0.0006752503958543603829358144286256594380016556033296160929837515432899486634873247068092117116104334
0.0005295852579871850817944731666107794312452178334539797924333641085416096008477250539285142987029661
0.0003728506823729562842624504031602939276818362231636929561189633624717172397571701271838416256584373
0.0002312877816726591846023998537004516449522008180889490955555935529416584947122595425592316842283086
0.0000657097980439170205292065281010126972988331761448899882986982931185893358890434023274851783300813