0.0042042561999093780053668256789454793844278052071315689675689717060480248463721681932295397859775782
0.0147483281301253089398722610956374151966948693033273828214483703561773467205794977774274744895462203
0.0236297784196933961644769427202426298283431257481361588166810562616033226747574914094385892309129033
0.0332371259531269165399233450685414144625735477058712651586879270710327983843857488280626801052533169
0.0418497477492846903804802558362996610108011894750849458418275972690338023734937264106471037996830911
0.0505717199950937712305283256874701417712357280156088907057392780994554086268006359730488597050108435
0.0584015683263386573195965723693511090909186912556584300970158169221603545678434850815232405520033719
0.0659967064068230252212299001846145230902203276053030551422899489634409730356324942505692992757812711
0.0726879094967195191512691495161069315518444241259213684667715771886958680450647615631739972903451374
0.0788996229454584311507403545458983643105973746992741151431834276758865417645365367820802418612638255
0.0841709772000224234271393383716570249247818412676070795964209708816083606421906509383436795806708162
0.0887776328671887213053249411582117162467152608561855841749695721024093404461390530934918454172391965
0.0924141549899298361190497084015816030025322109952306702690728867673649405667373985686318535500389669
0.0952478048614739935356359731601717932919655451192707816315723450043037349605415560800498515745000904
0.0971031678911530281316213864107670080140308086604837260373047735007475427456170225048535287596755397
0.0980594985676589033777447197945031848223172499599049771294454802300316395993077725454282150220978309
0.0980594985676589033777447197945031848223172499599049771294454802300316395993077725454282150220978309
0.0971031678911530281316213864107670080140308086604837260373047735007475427456170225048535287596755397
0.0952478048614739935356359731601717932919655451192707816315723450043037349605415560800498515745000904
0.0924141549899298361190497084015816030025322109952306702690728867673649405667373985686318535500389669
0.0887776328671887213053249411582117162467152608561855841749695721024093404461390530934918454172391965
0.0841709772000224234271393383716570249247818412676070795964209708816083606421906509383436795806708162
0.0788996229454584311507403545458983643105973746992741151431834276758865417645365367820802418612638255
0.0726879094967195191512691495161069315518444241259213684667715771886958680450647615631739972903451374
0.0659967064068230252212299001846145230902203276053030551422899489634409730356324942505692992757812711
0.0584015683263386573195965723693511090909186912556584300970158169221603545678434850815232405520033719
0.0505717199950937712305283256874701417712357280156088907057392780994554086268006359730488597050108435
0.0418497477492846903804802558362996610108011894750849458418275972690338023734937264106471037996830911
0.0332371259531269165399233450685414144625735477058712651586879270710327983843857488280626801052533169
0.0236297784196933961644769427202426298283431257481361588166810562616033226747574914094385892309129033
0.0147483281301253089398722610956374151966948693033273828214483703561773467205794977774274744895462203
0.0042042561999093780053668256789454793844278052071315689675689717060480248463721681932295397859775782