0.0010512870701334782339501495796058169706686498800581082692609000492058082349168869915807398097397970
0.0036973825384149900450847121554355646768468485906153184168607094821876778158359968069843729317194044
0.0059517290000870387067169273135762342313383755504248966929944790987108238570437775220147499163359477
0.0084341276024920685448247058896878950038772133996401591337119174644475326070709866520849191491614133
0.0107220736325979534387703172172491161765880568377343360364018725765208844256808302629013337669840985
0.0131192732300491901026532450370880893839803451840159098730324566528566022201518548532620642320072347
0.0153750452761919178513758604708990137553031795970089604775154905882934875440049021532613609022495945
0.0176858732581656407894181269547338805631973028776596422674133887463926723304231907725949647489484954
0.0198751702056907213872576852546460929388730329205581657338756762427045854656414948041266979946053758
0.0220852976877565292657597542796710827054505334435690544091324210512074489194892179719391325008100159
0.0241816922001156436442902565639263100741921712124027959492789950745012952568628571198272042598554954
0.0262736245410712519298389925717803326388773405941270482483485609883480768742087982292196340696379263
0.0282541302354714105189132708990486818362207227986505470421946745917930851427400237600195149005422874
0.0302098511873512716792275523171776438140016804345683543530666623314996802756029784705648096029800343
0.0320537303036380378017250707311812439337800097636947599248380326554103922720684713349686571426355523
0.0338557332013510651872721261465874659546982977657427892224973416527515972172406372317550630523615286
0.0355441501365980202602256533774704624129647527769853628049826670536281721182696459123311966423177242
0.0371759683898331706728240407633054100513133812914903204574372171809169472167476608125349001075395292
0.0386919232402970344042509788916458344482908715877154544380649249047165293385106369971898008225167106
0.0401384634865749515116678397918325503190374288715839517435468893590323064486750914864708249543597302
0.0414668298365662040962622000798497891535831194178089253163194790128288269226788123994821077750083960
0.0427146100252825789561513762912592884631624775551090369483419835890327842030461438952917397581210281
0.0438422111265821629991762767560467463288864485308375622038369895101300362530530062936794552567175398
0.0448795432396496555252983595074284705530173343208989083734403275815216207715666653227116447991825179
0.0457952381527398410514181445402913617749318163149037928057251142385208139636031374928173624891081418
0.0466123725148979115812073230410364466034034157178945757390571543859214750039122532474837439565234091
0.0473071384670531355840942295836237948120156561993730048866649064662575762737181693607635929037300807
0.0478963773367738420754453364847934312717418034850121703369807532895368117766511468535655405872564245
0.0483633810166851452253452028010688189613277455224947680049316551631059715679010158203632875223002075
0.0487191650601860733395885887690906157717454334330716863704834771924222218515691825700250078060384569
0.0489538187270302219918765874476513916396272324533583323555703851428708635744640768262066647596176407
0.0490727880726718415980891084913111227770573216709913011641924966827253922566504497719779108790882612
0.0490727880726718415980891084913111227770573216709913011641924966827253922566504497719779108790882612
0.0489538187270302219918765874476513916396272324533583323555703851428708635744640768262066647596176407
0.0487191650601860733395885887690906157717454334330716863704834771924222218515691825700250078060384569
0.0483633810166851452253452028010688189613277455224947680049316551631059715679010158203632875223002075
0.0478963773367738420754453364847934312717418034850121703369807532895368117766511468535655405872564245
0.0473071384670531355840942295836237948120156561993730048866649064662575762737181693607635929037300807
0.0466123725148979115812073230410364466034034157178945757390571543859214750039122532474837439565234091
0.0457952381527398410514181445402913617749318163149037928057251142385208139636031374928173624891081418
0.0448795432396496555252983595074284705530173343208989083734403275815216207715666653227116447991825179
0.0438422111265821629991762767560467463288864485308375622038369895101300362530530062936794552567175398
0.0427146100252825789561513762912592884631624775551090369483419835890327842030461438952917397581210281
0.0414668298365662040962622000798497891535831194178089253163194790128288269226788123994821077750083960
0.0401384634865749515116678397918325503190374288715839517435468893590323064486750914864708249543597302
0.0386919232402970344042509788916458344482908715877154544380649249047165293385106369971898008225167106
0.0371759683898331706728240407633054100513133812914903204574372171809169472167476608125349001075395292
0.0355441501365980202602256533774704624129647527769853628049826670536281721182696459123311966423177242
0.0338557332013510651872721261465874659546982977657427892224973416527515972172406372317550630523615286
0.0320537303036380378017250707311812439337800097636947599248380326554103922720684713349686571426355523
0.0302098511873512716792275523171776438140016804345683543530666623314996802756029784705648096029800343
0.0282541302354714105189132708990486818362207227986505470421946745917930851427400237600195149005422874
0.0262736245410712519298389925717803326388773405941270482483485609883480768742087982292196340696379263
0.0241816922001156436442902565639263100741921712124027959492789950745012952568628571198272042598554954
0.0220852976877565292657597542796710827054505334435690544091324210512074489194892179719391325008100159
0.0198751702056907213872576852546460929388730329205581657338756762427045854656414948041266979946053758
0.0176858732581656407894181269547338805631973028776596422674133887463926723304231907725949647489484954
0.0153750452761919178513758604708990137553031795970089604775154905882934875440049021532613609022495945
0.0131192732300491901026532450370880893839803451840159098730324566528566022201518548532620642320072347
0.0107220736325979534387703172172491161765880568377343360364018725765208844256808302629013337669840985
0.0084341276024920685448247058896878950038772133996401591337119174644475326070709866520849191491614133
0.0059517290000870387067169273135762342313383755504248966929944790987108238570437775220147499163359477
0.0036973825384149900450847121554355646768468485906153184168607094821876778158359968069843729317194044
0.0010512870701334782339501495796058169706686498800581082692609000492058082349168869915807398097397970