0.0002628357072017731356841473260789318596591198770632697434817879291616864716235869701216957659470291
0.0009249899991174070646170026369018008786051094303303213426112939173693472918531238974566646863829453
0.0014907082231271107397879478888836990478044345424132318210902759329380758005519820553295989940643009
0.0021163770844534556305986672255761184868718495682094395155682166216276441424439119998447550448076525
0.0026968973332133752415831419764844240995993791064526905147635991778286380882516062185646467548082449
0.0033099961794389564241030280484174016228683703422657054170647736618659275875944393350666947840997334
0.0038931202610793374469849347207543218197061105610858814587457769793016174304553373632912510374421434
0.0044975431156021779588571604638401040962016386839448028623865624046270471102813988103850783262162537
0.0050788103192167315669470476397754328977630778029095581389460262954782593654685727253259899437471142
0.0056750082031700615485446871145330511924786408633852308631352890800830846125015148546054226899933682
0.0062517459252846597546423518256717251686867524281858109616849105570231085312657844221158018198825344
0.0068391751375559556048629070384878985470721532458965941813351077141766078731362800167637747059073055
0.0074093425885793136723482756211349504181157705453582954915115050857184421682956992684532381056183475
0.0079870786181532691643157889076086503074875338709622993162810762067251814845178651887033963484529264
0.0085489228598931175670083756663337593099825238149250985311872439272008104879986708193131210053984241
0.0091158736636696509497948012951865833612750005819523498250866367097833095757959899416139928250201917
0.0096677998420234107881385381449894598907990633820027663077588029315830549167312288112955149913726245
0.0102227969783941265822929513042218711672183235185950785070155351473433716651182586021149810434347473
0.0107633117403738030438797798875130815102120423914206419904810900788022369317494677346373907542524246
0.0113051556159236831676615897544792693814481745796917149930882350729320032324342498419704593093985426
0.0118328401805997896171788486248232016607816990192765500357148551557580866513425783508965091517406058
0.0123603253695221996627273106349036040494782023838923826838898602257908456224229357520409181438965594
0.0128738221578470520315100542022681254507280444875274445072609298439830894403870933811977514438242172
0.0133857530795303093301102240240033429453003007219805823506859434843014867909937384256758452283697616
0.0138837591223772700634002336838823953166252828832825909316076720875508087416392461623114112205139948
0.0143789606373328322342683902287910587357814815523766325725728429169919368236564375825278566009362421
0.0148602246061354140544297955043767788104111697531603314793062252784112903812282049089724998921646410
0.0153375497352951392179826230901491609233277574118662117724223269793236535642751178643707378738211418
0.0158008710060142752108674759617942693728250308186939286344127010907146848441742802474548573572544249
0.0162592069155530264319955837717185515297108537505692230171067030632793897931366701659177940576560232
0.0167034358120624662587196566340050581458757159569120380364335598361255451641071229217478377487703007
0.0171417086891475921707885165597981757918675659101402012337749692553032397045679118263657241315928978
0.0175657474215408115431316290953668630564285586840772020011424086586507639439640835420872655077332862
0.0179829265993143434853119160670913812484565982070655764392783660221029870333272383381417586308738059
0.0183857306089932152398660548979301133243159000917102894584923755597126662202434510479248977864866421
0.0187808321537942523948140885765140270341674646304408988010410273742032545889168737837598714942694958
0.0191614116867049485550054844492943898675656828484423591791026915090068654125265566832853573588408041
0.0195335015780047717574608291077329256108801235684573007775336587248743407213021547298377572075102727
0.0198909233710493123302837828801895107287227354301028101485791305695725487682525403730833076265903570
0.0202391203559297770861763430584749011803217301504701002200149507503269462777980976591980729976889225
0.0205725093599767214208305659531752713776472642592501461893111329865714123898127583214833813417133209
0.0208959875344003629348674036818838130161621152907106305937307354400330579586011825443362443985763632
0.0212045286212519038436175884663368595454330744958696691055057143354635137365702809723346524128758912
0.0215025197718956944300528502844598399105039689736643920280787640823676745922038850625285378225648499
0.0217854593879484783573351057480849164832522122760048171464220057513261686063107590877397219293523478
0.0220572551165736475607493507998517458232909375932574283654217806133225328568373278020975532179827111
0.0223139028560822119251310184697279987843814972848605928256432732931768287723316830668052690129745607
0.0225588565007408867258106568502516502375305064043225708768391367240406693821636963429297062406915489
0.0227885865785100255109001585582121341859740689736485475396781215741495156312196806136227660526492190
0.0230061149408342046388124349452948462721615249358954620520721668245287579620828312282311968147111528
0.0232083675490039832781754285634973747315819408495039097179928933857603669202903209230881382480851898
0.0233979524334629573169817392712931356613863800698313470508849293514150999687552384411625002920253616
0.0235722349705309097517753380725579979354748848438391166935363733954851417067584365095231564022561520
0.0237334245393051077344356764015056108167955303775968958303286039841343534362748416036408468061449334
0.0238793127021104312496194784789022084202295013096201744671528729282237105034779818602331009606329212
0.0240117226477459638231191403011713656123094342023523201540028660362797267045586846052589827465150058
0.0241288613791139859955658040962425316624368324731425639193237490226720522956216022551082617533830297
0.0242321759161535277724885329327808572758338002504850232766661420247101255639288370396186201453793939
0.0243202802024583602699031877774345952017421260479897396156544529024684029008881643818576125619780673
0.0243942528786309582683403706730858567126724377628110045498190705499668026587196846160451818758334976
0.0244531083928094832204446638190978556116216336872540576266599727302359448687089738425590412122352276
0.0244975627199956819509230286262759112082821639619558652612288450540100735556958707142291637487310559
0.0245270263066254975653888819821207688391480720458461938535007689298467876528842191927793349661921515
0.0245418562116188387260496297067744848267211242327920951969486842622573941189717563490155286397347965
0.0245418562116188387260496297067744848267211242327920951969486842622573941189717563490155286397347965
0.0245270263066254975653888819821207688391480720458461938535007689298467876528842191927793349661921515
0.0244975627199956819509230286262759112082821639619558652612288450540100735556958707142291637487310559
0.0244531083928094832204446638190978556116216336872540576266599727302359448687089738425590412122352276
0.0243942528786309582683403706730858567126724377628110045498190705499668026587196846160451818758334976
0.0243202802024583602699031877774345952017421260479897396156544529024684029008881643818576125619780673
0.0242321759161535277724885329327808572758338002504850232766661420247101255639288370396186201453793939
0.0241288613791139859955658040962425316624368324731425639193237490226720522956216022551082617533830297
0.0240117226477459638231191403011713656123094342023523201540028660362797267045586846052589827465150058
0.0238793127021104312496194784789022084202295013096201744671528729282237105034779818602331009606329212
0.0237334245393051077344356764015056108167955303775968958303286039841343534362748416036408468061449334
0.0235722349705309097517753380725579979354748848438391166935363733954851417067584365095231564022561520
0.0233979524334629573169817392712931356613863800698313470508849293514150999687552384411625002920253616
0.0232083675490039832781754285634973747315819408495039097179928933857603669202903209230881382480851898
0.0230061149408342046388124349452948462721615249358954620520721668245287579620828312282311968147111528
0.0227885865785100255109001585582121341859740689736485475396781215741495156312196806136227660526492190
0.0225588565007408867258106568502516502375305064043225708768391367240406693821636963429297062406915489
0.0223139028560822119251310184697279987843814972848605928256432732931768287723316830668052690129745607
0.0220572551165736475607493507998517458232909375932574283654217806133225328568373278020975532179827111
0.0217854593879484783573351057480849164832522122760048171464220057513261686063107590877397219293523478
0.0215025197718956944300528502844598399105039689736643920280787640823676745922038850625285378225648499
0.0212045286212519038436175884663368595454330744958696691055057143354635137365702809723346524128758912
0.0208959875344003629348674036818838130161621152907106305937307354400330579586011825443362443985763632
0.0205725093599767214208305659531752713776472642592501461893111329865714123898127583214833813417133209
0.0202391203559297770861763430584749011803217301504701002200149507503269462777980976591980729976889225
0.0198909233710493123302837828801895107287227354301028101485791305695725487682525403730833076265903570
0.0195335015780047717574608291077329256108801235684573007775336587248743407213021547298377572075102727
0.0191614116867049485550054844492943898675656828484423591791026915090068654125265566832853573588408041
0.0187808321537942523948140885765140270341674646304408988010410273742032545889168737837598714942694958
0.0183857306089932152398660548979301133243159000917102894584923755597126662202434510479248977864866421
0.0179829265993143434853119160670913812484565982070655764392783660221029870333272383381417586308738059
0.0175657474215408115431316290953668630564285586840772020011424086586507639439640835420872655077332862
0.0171417086891475921707885165597981757918675659101402012337749692553032397045679118263657241315928978
0.0167034358120624662587196566340050581458757159569120380364335598361255451641071229217478377487703007
0.0162592069155530264319955837717185515297108537505692230171067030632793897931366701659177940576560232
0.0158008710060142752108674759617942693728250308186939286344127010907146848441742802474548573572544249
0.0153375497352951392179826230901491609233277574118662117724223269793236535642751178643707378738211418
0.0148602246061354140544297955043767788104111697531603314793062252784112903812282049089724998921646410
0.0143789606373328322342683902287910587357814815523766325725728429169919368236564375825278566009362421
0.0138837591223772700634002336838823953166252828832825909316076720875508087416392461623114112205139948
0.0133857530795303093301102240240033429453003007219805823506859434843014867909937384256758452283697616
0.0128738221578470520315100542022681254507280444875274445072609298439830894403870933811977514438242172
0.0123603253695221996627273106349036040494782023838923826838898602257908456224229357520409181438965594
0.0118328401805997896171788486248232016607816990192765500357148551557580866513425783508965091517406058
0.0113051556159236831676615897544792693814481745796917149930882350729320032324342498419704593093985426
0.0107633117403738030438797798875130815102120423914206419904810900788022369317494677346373907542524246
0.0102227969783941265822929513042218711672183235185950785070155351473433716651182586021149810434347473
0.0096677998420234107881385381449894598907990633820027663077588029315830549167312288112955149913726245
0.0091158736636696509497948012951865833612750005819523498250866367097833095757959899416139928250201917
0.0085489228598931175670083756663337593099825238149250985311872439272008104879986708193131210053984241
0.0079870786181532691643157889076086503074875338709622993162810762067251814845178651887033963484529264
0.0074093425885793136723482756211349504181157705453582954915115050857184421682956992684532381056183475
0.0068391751375559556048629070384878985470721532458965941813351077141766078731362800167637747059073055
0.0062517459252846597546423518256717251686867524281858109616849105570231085312657844221158018198825344
0.0056750082031700615485446871145330511924786408633852308631352890800830846125015148546054226899933682
0.0050788103192167315669470476397754328977630778029095581389460262954782593654685727253259899437471142
0.0044975431156021779588571604638401040962016386839448028623865624046270471102813988103850783262162537
0.0038931202610793374469849347207543218197061105610858814587457769793016174304553373632912510374421434
0.0033099961794389564241030280484174016228683703422657054170647736618659275875944393350666947840997334
0.0026968973332133752415831419764844240995993791064526905147635991778286380882516062185646467548082449
0.0021163770844534556305986672255761184868718495682094395155682166216276441424439119998447550448076525
0.0014907082231271107397879478888836990478044345424132318210902759329380758005519820553295989940643009
0.0009249899991174070646170026369018008786051094303303213426112939173693472918531238974566646863829453
0.0002628357072017731356841473260789318596591198770632697434817879291616864716235869701216957659470291