2.8209479177387813964017482248891610652208328247070312500000000000000000000000000000000000000000000000e-01
6.9098829894267099760440942191053181886672973632812500000000000000000000000000000000000000000000000000e-01
4.8860251190291992262615394793101586401462554931640625000000000000000000000000000000000000000000000000e-01
3.4549414947133544329105347969743888825178146362304687500000000000000000000000000000000000000000000000e-01
3.0901936161855174667323353787651285529136657714843750000000000000000000000000000000000000000000000000e+00
1.5450968080927587333661676893825642764568328857421875000000000000000000000000000000000000000000000000e+00
6.3078313050504009051877574165700934827327728271484375000000000000000000000000000000000000000000000000e-01
2.5751613468212641855359379405854269862174987792968750000000000000000000000000000000000000000000000000e-01
1.2875806734106320927679689702927134931087493896484375000000000000000000000000000000000000000000000000e-01
2.0026743534373636634882132057100534439086914062500000000000000000000000000000000000000000000000000000e+01
8.1758838114662601981308398535475134849548339843750000000000000000000000000000000000000000000000000000e+00
2.5854414729132049188820019480772316455841064453125000000000000000000000000000000000000000000000000000e+00
7.4635266518023080095645127585157752037048339843750000000000000000000000000000000000000000000000000000e-01
2.1545345607610047466984326547390082851052284240722656250000000000000000000000000000000000000000000000e-01
6.8132365095552149814039921693620271980762481689453125000000000000000000000000000000000000000000000000e-02
2.7814921575518940927151945174955471884459257125854492187500000000000000000000000000000000000000000000e-02
