2.5002007228285987039395621422954718582332134246826171875000000000000000000000000000000000000000000000e-02
1.7677669529663686542875211671344004571437835693359375000000000000000000000000000000000000000000000000e-01
0.0000000000000000000000000000000000000000000000000000000000000000000000000000000000000000000000000000e+00
9.0612744635288777761417122746934182941913604736328125000000000000000000000000000000000000000000000000e-01
0.0000000000000000000000000000000000000000000000000000000000000000000000000000000000000000000000000000e+00
1.5606722950430818031009039259515702724456787109375000000000000000000000000000000000000000000000000000e-01
2.8284271247461898468600338674150407314300537109375000000000000000000000000000000000000000000000000000e+00
0.0000000000000000000000000000000000000000000000000000000000000000000000000000000000000000000000000000e+00
7.0710678118654746171500846685376018285751342773437500000000000000000000000000000000000000000000000000e-01
0.0000000000000000000000000000000000000000000000000000000000000000000000000000000000000000000000000000e+00
-1.8122548927057755552283424549386836588382720947265625000000000000000000000000000000000000000000000000e+00
0.0000000000000000000000000000000000000000000000000000000000000000000000000000000000000000000000000000e+00
-1.8728067540516981637210847111418843269348144531250000000000000000000000000000000000000000000000000000e+00
4.2426406871192847702900508011225610971450805664062500000000000000000000000000000000000000000000000000e+00
0.0000000000000000000000000000000000000000000000000000000000000000000000000000000000000000000000000000e+00
-1.8001445204365911223476359737105667591094970703125000000000000000000000000000000000000000000000000000e+01
0.0000000000000000000000000000000000000000000000000000000000000000000000000000000000000000000000000000e+00
0.0000000000000000000000000000000000000000000000000000000000000000000000000000000000000000000000000000e+00
6.2500000000000027755575615628913510590791702270507812500000000000000000000000000000000000000000000000e-02
0.0000000000000000000000000000000000000000000000000000000000000000000000000000000000000000000000000000e+00
4.3286145885974020020015018417325336486101150512695312500000000000000000000000000000000000000000000000e-01
0.0000000000000000000000000000000000000000000000000000000000000000000000000000000000000000000000000000e+00
0.0000000000000000000000000000000000000000000000000000000000000000000000000000000000000000000000000000e+00
2.0000000000000000000000000000000000000000000000000000000000000000000000000000000000000000000000000000e+00
0.0000000000000000000000000000000000000000000000000000000000000000000000000000000000000000000000000000e+00
7.5000000000000011102230246251565404236316680908203125000000000000000000000000000000000000000000000000e-01
0.0000000000000000000000000000000000000000000000000000000000000000000000000000000000000000000000000000e+00
-2.5971687531584408681339937174925580620765686035156250000000000000000000000000000000000000000000000000e+00
0.0000000000000000000000000000000000000000000000000000000000000000000000000000000000000000000000000000e+00
0.0000000000000000000000000000000000000000000000000000000000000000000000000000000000000000000000000000e+00
7.5000000000000035527136788005009293556213378906250000000000000000000000000000000000000000000000000000e+00
0.0000000000000000000000000000000000000000000000000000000000000000000000000000000000000000000000000000e+00
-2.1231973980447457067688432630347961094230413436889648437500000000000000000000000000000000000000000000e-02
-1.2500000000000000000000000000000000000000000000000000000000000000000000000000000000000000000000000000e-01
0.0000000000000000000000000000000000000000000000000000000000000000000000000000000000000000000000000000e+00
-4.1573480615127267334685257083037868142127990722656250000000000000000000000000000000000000000000000000e-01
0.0000000000000000000000000000000000000000000000000000000000000000000000000000000000000000000000000000e+00
2.2122441326215103174490650417283177375793457031250000000000000000000000000000000000000000000000000000e-01
0.0000000000000000000000000000000000000000000000000000000000000000000000000000000000000000000000000000e+00
0.0000000000000000000000000000000000000000000000000000000000000000000000000000000000000000000000000000e+00
1.4999999999999997779553950749686919152736663818359375000000000000000000000000000000000000000000000000e+00
0.0000000000000000000000000000000000000000000000000000000000000000000000000000000000000000000000000000e+00
8.3146961230254534669370514166075736284255981445312500000000000000000000000000000000000000000000000000e-01
0.0000000000000000000000000000000000000000000000000000000000000000000000000000000000000000000000000000e+00
-2.6546929591458123809388780500739812850952148437500000000000000000000000000000000000000000000000000000e+00
-3.0000000000000000000000000000000000000000000000000000000000000000000000000000000000000000000000000000e+00
0.0000000000000000000000000000000000000000000000000000000000000000000000000000000000000000000000000000e+00
1.5287021265922167145845378399826586246490478515625000000000000000000000000000000000000000000000000000e+01
0.0000000000000000000000000000000000000000000000000000000000000000000000000000000000000000000000000000e+00
0.0000000000000000000000000000000000000000000000000000000000000000000000000000000000000000000000000000e+00
-6.2500000000000027755575615628913510590791702270507812500000000000000000000000000000000000000000000000e-02
0.0000000000000000000000000000000000000000000000000000000000000000000000000000000000000000000000000000e+00
-2.4519632010080755213365932831948157399892807006835937500000000000000000000000000000000000000000000000e-01
0.0000000000000000000000000000000000000000000000000000000000000000000000000000000000000000000000000000e+00
0.0000000000000000000000000000000000000000000000000000000000000000000000000000000000000000000000000000e+00
-6.1471327560707516784681778141321557361170757301845751774393988853262271732091903686523437500000000000e-17
0.0000000000000000000000000000000000000000000000000000000000000000000000000000000000000000000000000000e+00
1.2500000000000002220446049250313080847263336181640625000000000000000000000000000000000000000000000000e+00
0.0000000000000000000000000000000000000000000000000000000000000000000000000000000000000000000000000000e+00
1.4711779206048456458688633574638515710830688476562500000000000000000000000000000000000000000000000000e+00
0.0000000000000000000000000000000000000000000000000000000000000000000000000000000000000000000000000000e+00
0.0000000000000000000000000000000000000000000000000000000000000000000000000000000000000000000000000000e+00
-7.5000000000000017763568394002504646778106689453125000000000000000000000000000000000000000000000000000e+00
0.0000000000000000000000000000000000000000000000000000000000000000000000000000000000000000000000000000e+00
3.0136090105032180795630036840293541899882256984710693359375000000000000000000000000000000000000000000e-03
0.0000000000000000000000000000000000000000000000000000000000000000000000000000000000000000000000000000e+00
0.0000000000000000000000000000000000000000000000000000000000000000000000000000000000000000000000000000e+00
-7.4657834050342583576131971767608774825930595397949218750000000000000000000000000000000000000000000000e-02
0.0000000000000000000000000000000000000000000000000000000000000000000000000000000000000000000000000000e+00
-1.6506610436543914244289510406815679743885993957519531250000000000000000000000000000000000000000000000e-01
0.0000000000000000000000000000000000000000000000000000000000000000000000000000000000000000000000000000e+00
0.0000000000000000000000000000000000000000000000000000000000000000000000000000000000000000000000000000e+00
3.9252311467094379168047464899150246499008889245830103420509260558901587501168251037597656250000000000e-17
0.0000000000000000000000000000000000000000000000000000000000000000000000000000000000000000000000000000e+00
1.4931566810068516715226394353521754965186119079589843750000000000000000000000000000000000000000000000e-01
0.0000000000000000000000000000000000000000000000000000000000000000000000000000000000000000000000000000e+00
1.9807932523852693762478338612709194421768188476562500000000000000000000000000000000000000000000000000e+00
0.0000000000000000000000000000000000000000000000000000000000000000000000000000000000000000000000000000e+00
0.0000000000000000000000000000000000000000000000000000000000000000000000000000000000000000000000000000e+00
-2.1697984875623168576908028626348823308944702148437500000000000000000000000000000000000000000000000000e+00
0.0000000000000000000000000000000000000000000000000000000000000000000000000000000000000000000000000000e+00
0.0000000000000000000000000000000000000000000000000000000000000000000000000000000000000000000000000000e+00
-1.7347234759768070944119244813919067382812500000000000000000000000000000000000000000000000000000000000e-17
0.0000000000000000000000000000000000000000000000000000000000000000000000000000000000000000000000000000e+00
-4.8772580504032048143159272513003088533878326416015625000000000000000000000000000000000000000000000000e-02
0.0000000000000000000000000000000000000000000000000000000000000000000000000000000000000000000000000000e+00
0.0000000000000000000000000000000000000000000000000000000000000000000000000000000000000000000000000000e+00
-1.0783652184219448277819597183514959204495195206705698831584072650002781301736831665039062500000000000e-16
0.0000000000000000000000000000000000000000000000000000000000000000000000000000000000000000000000000000e+00
1.1102230246251565404236316680908203125000000000000000000000000000000000000000000000000000000000000000e-16
0.0000000000000000000000000000000000000000000000000000000000000000000000000000000000000000000000000000e+00
2.9263548302419239988125809759367257356643676757812500000000000000000000000000000000000000000000000000e-01
0.0000000000000000000000000000000000000000000000000000000000000000000000000000000000000000000000000000e+00
0.0000000000000000000000000000000000000000000000000000000000000000000000000000000000000000000000000000e+00
-1.3322676295501878485083580017089843750000000000000000000000000000000000000000000000000000000000000000e-15
0.0000000000000000000000000000000000000000000000000000000000000000000000000000000000000000000000000000e+00
3.0086645973853663044161876882753858808428049087524414062500000000000000000000000000000000000000000000e-04
0.0000000000000000000000000000000000000000000000000000000000000000000000000000000000000000000000000000e+00
0.0000000000000000000000000000000000000000000000000000000000000000000000000000000000000000000000000000e+00
-2.2887326957721498832398765443940646946430206298828125000000000000000000000000000000000000000000000000e-02
0.0000000000000000000000000000000000000000000000000000000000000000000000000000000000000000000000000000e+00
-3.1913320749877654991522035743400920182466506958007812500000000000000000000000000000000000000000000000e-02
0.0000000000000000000000000000000000000000000000000000000000000000000000000000000000000000000000000000e+00
0.0000000000000000000000000000000000000000000000000000000000000000000000000000000000000000000000000000e+00
1.1102230246251565404236316680908203125000000000000000000000000000000000000000000000000000000000000000e-16
0.0000000000000000000000000000000000000000000000000000000000000000000000000000000000000000000000000000e+00
4.5774653915442997664797530887881293892860412597656250000000000000000000000000000000000000000000000000e-02
0.0000000000000000000000000000000000000000000000000000000000000000000000000000000000000000000000000000e+00
3.8295984899853185989826442892081104218959808349609375000000000000000000000000000000000000000000000000e-01
2.2204460492503130808472633361816406250000000000000000000000000000000000000000000000000000000000000000e-16
0.0000000000000000000000000000000000000000000000000000000000000000000000000000000000000000000000000000e+00
-2.1662385101174663759593386203050613403320312500000000000000000000000000000000000000000000000000000000e-01
0.0000000000000000000000000000000000000000000000000000000000000000000000000000000000000000000000000000e+00
0.0000000000000000000000000000000000000000000000000000000000000000000000000000000000000000000000000000e+00
6.9388939039072283776476979255676269531250000000000000000000000000000000000000000000000000000000000000e-18
0.0000000000000000000000000000000000000000000000000000000000000000000000000000000000000000000000000000e+00
-1.1443663478860735538411574907513568177819252014160156250000000000000000000000000000000000000000000000e-02
0.0000000000000000000000000000000000000000000000000000000000000000000000000000000000000000000000000000e+00
0.0000000000000000000000000000000000000000000000000000000000000000000000000000000000000000000000000000e+00
1.1102230246251565404236316680908203125000000000000000000000000000000000000000000000000000000000000000e-16
0.0000000000000000000000000000000000000000000000000000000000000000000000000000000000000000000000000000e+00
0.0000000000000000000000000000000000000000000000000000000000000000000000000000000000000000000000000000e+00
0.0000000000000000000000000000000000000000000000000000000000000000000000000000000000000000000000000000e+00
6.8661980873164440986045065073994919657707214355468750000000000000000000000000000000000000000000000000e-02
0.0000000000000000000000000000000000000000000000000000000000000000000000000000000000000000000000000000e+00
0.0000000000000000000000000000000000000000000000000000000000000000000000000000000000000000000000000000e+00
8.8817841970012523233890533447265625000000000000000000000000000000000000000000000000000000000000000000e-16
0.0000000000000000000000000000000000000000000000000000000000000000000000000000000000000000000000000000e+00
