1.5469131785824269701909439156395364989293739199638366699218750000000000000000000000000000000000000000e-04
4.7575292180445797121657314221465640002861618995666503906250000000000000000000000000000000000000000000e-03
4.6661146281464166776786761658968316623941063880920410156250000000000000000000000000000000000000000000e-03
9.7545161008064151797469776283833198249340057373046875000000000000000000000000000000000000000000000000e-02
9.5670858091272459322595977937453426420688629150390625000000000000000000000000000000000000000000000000e-02
9.2904421472316880969977148652105825021862983703613281250000000000000000000000000000000000000000000000e-02
1.0000000000000000000000000000000000000000000000000000000000000000000000000000000000000000000000000000e+00
9.8078528040323043057924223830923438072204589843750000000000000000000000000000000000000000000000000000e-01
9.4290964938346499835120084753725677728652954101562500000000000000000000000000000000000000000000000000e-01
8.8746298784030241968423524667741730809211730957031250000000000000000000000000000000000000000000000000e-01
-1.9509032201612830359493955256766639649868011474609375000000000000000000000000000000000000000000000000e-01
-5.7402514854763475593557586762472055852413177490234375000000000000000000000000000000000000000000000000e-01
-1.1148530576678026271508770150830969214439392089843750000000000000000000000000000000000000000000000000e+00
1.1418070123306990615308365022428915835916996002197265625000000000000000000000000000000000000000000000e-01
5.5993375537756995274918381255702115595340728759765625000000000000000000000000000000000000000000000000e-01
-1.1137774885793473578221579600722179748117923736572265625000000000000000000000000000000000000000000000e-01
3.5725282221644593001752543415250329417176544666290283203125000000000000000000000000000000000000000000e-03
3.8582285477181885169351005515636643394827842712402343750000000000000000000000000000000000000000000000e-02
3.2079997947458561979861002555480808950960636138916015625000000000000000000000000000000000000000000000e-02
2.7778511650980108882436070416588336229324340820312500000000000000000000000000000000000000000000000000e-01
2.3096988312782165686520841063611442223191261291503906250000000000000000000000000000000000000000000000e-01
1.7060926984486735058510475937509909272193908691406250000000000000000000000000000000000000000000000000e-01
1.0000000000000000000000000000000000000000000000000000000000000000000000000000000000000000000000000000e+00
8.3146961230254523567140267914510332047939300537109375000000000000000000000000000000000000000000000000e-01
5.3701257427381732245663670255453325808048248291015625000000000000000000000000000000000000000000000000e-01
1.8986965335337427362993878432462224736809730529785156250000000000000000000000000000000000000000000000e-01
-5.5557023301960217764872140833176672458648681640625000000000000000000000000000000000000000000000000000e-01
-1.3858192987669299967024016950745135545730590820312500000000000000000000000000000000000000000000000000e+00
-2.0473112381384082070212571125011891126632690429687500000000000000000000000000000000000000000000000000e+00
9.2597485145236524406442413237527944147586822509765625000000000000000000000000000000000000000000000000e-01
3.8495997536950272710498666128842160105705261230468750000000000000000000000000000000000000000000000000e+00
-2.5722203199584106059205623751040548086166381835937500000000000000000000000000000000000000000000000000e+00
1.1975617265059934971049848684288008371368050575256347656250000000000000000000000000000000000000000000e-02
8.6417714522818114830648994484363356605172157287597656250000000000000000000000000000000000000000000000e-02
4.8011109794463532884911671771988039836287498474121093750000000000000000000000000000000000000000000000e-02
4.1573480615127267334685257083037868142127990722656250000000000000000000000000000000000000000000000000e-01
2.3096988312782165686520841063611442223191261291503906250000000000000000000000000000000000000000000000e-01
5.6466288199474579112546734904753975570201873779296875000000000000000000000000000000000000000000000000e-02
1.0000000000000000000000000000000000000000000000000000000000000000000000000000000000000000000000000000e+00
5.5557023301960217764872140833176672458648681640625000000000000000000000000000000000000000000000000000e-01
-3.7012574273817371028894029905131901614367961883544921875000000000000000000000000000000000000000000000e-02
-4.0465196286966831351605833333451300859451293945312500000000000000000000000000000000000000000000000000e-01
-8.3146961230254534669370514166075736284255981445312500000000000000000000000000000000000000000000000000e-01
-1.3858192987669299967024016950745135545730590820312500000000000000000000000000000000000000000000000000e+00
-6.7759545839369494935056081885704770684242248535156250000000000000000000000000000000000000000000000000e-01
2.0740251485476348669578783301403746008872985839843750000000000000000000000000000000000000000000000000e+00
5.7613331753356238351670981501229107379913330078125000000000000000000000000000000000000000000000000000e+00
-8.6224444308431529293557105120271444320678710937500000000000000000000000000000000000000000000000000000e+00
1.9655340903709565825163707586398231796920299530029296875000000000000000000000000000000000000000000000e-02
1.2024247078195542115519600656625698320567607879638671875000000000000000000000000000000000000000000000e-01
2.3458142344866581008311356981721473857760429382324218750000000000000000000000000000000000000000000000e-02
4.9039264020161527080077235041244421154260635375976562500000000000000000000000000000000000000000000000e-01
9.5670858091272445444808170122996671125292778015136718750000000000000000000000000000000000000000000000e-02
-9.9267586909671703954138877179502742365002632141113281250000000000000000000000000000000000000000000000e-02
1.0000000000000000000000000000000000000000000000000000000000000000000000000000000000000000000000000000e+00
1.9509032201612824808378832130983937531709671020507812500000000000000000000000000000000000000000000000e-01
-4.4290964938346494284004961627942975610494613647460937500000000000000000000000000000000000000000000000e-01
-2.7407252488120331657128758706676308065652847290039062500000000000000000000000000000000000000000000000e-01
-9.8078528040323054160154470082488842308521270751953125000000000000000000000000000000000000000000000000e-01
-5.7402514854763464491327340510906651616096496582031250000000000000000000000000000000000000000000000000e-01
1.1912110429160605029608177574118599295616149902343750000000000000000000000000000000000000000000000000e+00
2.8858192987669299967024016950745135545730590820312500000000000000000000000000000000000000000000000000e+00
2.8149770813839896099750603752909228205680847167968750000000000000000000000000000000000000000000000000e+00
-1.4151845450670887061050962074659764766693115234375000000000000000000000000000000000000000000000000000e+01
1.9655340903709565825163707586398231796920299530029296875000000000000000000000000000000000000000000000e-02
1.2024247078195542115519600656625698320567607879638671875000000000000000000000000000000000000000000000e-01
-2.3458142344866581008311356981721473857760429382324218750000000000000000000000000000000000000000000000e-02
4.9039264020161527080077235041244421154260635375976562500000000000000000000000000000000000000000000000e-01
-9.5670858091272445444808170122996671125292778015136718750000000000000000000000000000000000000000000000e-02
-9.9267586909671703954138877179502742365002632141113281250000000000000000000000000000000000000000000000e-02
1.0000000000000000000000000000000000000000000000000000000000000000000000000000000000000000000000000000e+00
-1.9509032201612824808378832130983937531709671020507812500000000000000000000000000000000000000000000000e-01
-4.4290964938346494284004961627942975610494613647460937500000000000000000000000000000000000000000000000e-01
2.7407252488120331657128758706676308065652847290039062500000000000000000000000000000000000000000000000e-01
-9.8078528040323054160154470082488842308521270751953125000000000000000000000000000000000000000000000000e-01
5.7402514854763464491327340510906651616096496582031250000000000000000000000000000000000000000000000000e-01
1.1912110429160605029608177574118599295616149902343750000000000000000000000000000000000000000000000000e+00
2.8858192987669299967024016950745135545730590820312500000000000000000000000000000000000000000000000000e+00
-2.8149770813839896099750603752909228205680847167968750000000000000000000000000000000000000000000000000e+00
-1.4151845450670887061050962074659764766693115234375000000000000000000000000000000000000000000000000000e+01
1.1975617265059934971049848684288008371368050575256347656250000000000000000000000000000000000000000000e-02
8.6417714522818114830648994484363356605172157287597656250000000000000000000000000000000000000000000000e-02
-4.8011109794463532884911671771988039836287498474121093750000000000000000000000000000000000000000000000e-02
4.1573480615127267334685257083037868142127990722656250000000000000000000000000000000000000000000000000e-01
-2.3096988312782165686520841063611442223191261291503906250000000000000000000000000000000000000000000000e-01
5.6466288199474579112546734904753975570201873779296875000000000000000000000000000000000000000000000000e-02
1.0000000000000000000000000000000000000000000000000000000000000000000000000000000000000000000000000000e+00
-5.5557023301960217764872140833176672458648681640625000000000000000000000000000000000000000000000000000e-01
-3.7012574273817371028894029905131901614367961883544921875000000000000000000000000000000000000000000000e-02
4.0465196286966831351605833333451300859451293945312500000000000000000000000000000000000000000000000000e-01
-8.3146961230254534669370514166075736284255981445312500000000000000000000000000000000000000000000000000e-01
1.3858192987669299967024016950745135545730590820312500000000000000000000000000000000000000000000000000e+00
-6.7759545839369494935056081885704770684242248535156250000000000000000000000000000000000000000000000000e-01
2.0740251485476348669578783301403746008872985839843750000000000000000000000000000000000000000000000000e+00
-5.7613331753356238351670981501229107379913330078125000000000000000000000000000000000000000000000000000e+00
-8.6224444308431529293557105120271444320678710937500000000000000000000000000000000000000000000000000000e+00
3.5725282221644593001752543415250329417176544666290283203125000000000000000000000000000000000000000000e-03
3.8582285477181885169351005515636643394827842712402343750000000000000000000000000000000000000000000000e-02
-3.2079997947458561979861002555480808950960636138916015625000000000000000000000000000000000000000000000e-02
2.7778511650980108882436070416588336229324340820312500000000000000000000000000000000000000000000000000e-01
-2.3096988312782165686520841063611442223191261291503906250000000000000000000000000000000000000000000000e-01
1.7060926984486735058510475937509909272193908691406250000000000000000000000000000000000000000000000000e-01
1.0000000000000000000000000000000000000000000000000000000000000000000000000000000000000000000000000000e+00
-8.3146961230254523567140267914510332047939300537109375000000000000000000000000000000000000000000000000e-01
5.3701257427381732245663670255453325808048248291015625000000000000000000000000000000000000000000000000e-01
-1.8986965335337427362993878432462224736809730529785156250000000000000000000000000000000000000000000000e-01
-5.5557023301960217764872140833176672458648681640625000000000000000000000000000000000000000000000000000e-01
1.3858192987669299967024016950745135545730590820312500000000000000000000000000000000000000000000000000e+00
-2.0473112381384082070212571125011891126632690429687500000000000000000000000000000000000000000000000000e+00
9.2597485145236524406442413237527944147586822509765625000000000000000000000000000000000000000000000000e-01
-3.8495997536950272710498666128842160105705261230468750000000000000000000000000000000000000000000000000e+00
-2.5722203199584106059205623751040548086166381835937500000000000000000000000000000000000000000000000000e+00
1.5469131785824269701909439156395364989293739199638366699218750000000000000000000000000000000000000000e-04
4.7575292180445797121657314221465640002861618995666503906250000000000000000000000000000000000000000000e-03
-4.6661146281464166776786761658968316623941063880920410156250000000000000000000000000000000000000000000e-03
9.7545161008064151797469776283833198249340057373046875000000000000000000000000000000000000000000000000e-02
-9.5670858091272459322595977937453426420688629150390625000000000000000000000000000000000000000000000000e-02
9.2904421472316880969977148652105825021862983703613281250000000000000000000000000000000000000000000000e-02
1.0000000000000000000000000000000000000000000000000000000000000000000000000000000000000000000000000000e+00
-9.8078528040323043057924223830923438072204589843750000000000000000000000000000000000000000000000000000e-01
9.4290964938346499835120084753725677728652954101562500000000000000000000000000000000000000000000000000e-01
-8.8746298784030241968423524667741730809211730957031250000000000000000000000000000000000000000000000000e-01
-1.9509032201612830359493955256766639649868011474609375000000000000000000000000000000000000000000000000e-01
5.7402514854763475593557586762472055852413177490234375000000000000000000000000000000000000000000000000e-01
-1.1148530576678026271508770150830969214439392089843750000000000000000000000000000000000000000000000000e+00
1.1418070123306990615308365022428915835916996002197265625000000000000000000000000000000000000000000000e-01
-5.5993375537756995274918381255702115595340728759765625000000000000000000000000000000000000000000000000e-01
-1.1137774885793473578221579600722179748117923736572265625000000000000000000000000000000000000000000000e-01
