6.5328148243818828788676000840496271848678588867187500000000000000000000000000000000000000000000000000e-01
1.9999999999999997779553950749686919152736663818359375000000000000000000000000000000000000000000000000e+00
0.0000000000000000000000000000000000000000000000000000000000000000000000000000000000000000000000000000e+00
-1.3065629648763765757735200168099254369735717773437500000000000000000000000000000000000000000000000000e+00
0.0000000000000000000000000000000000000000000000000000000000000000000000000000000000000000000000000000e+00
0.0000000000000000000000000000000000000000000000000000000000000000000000000000000000000000000000000000e+00
1.4142135623730947013854120086762122809886932373046875000000000000000000000000000000000000000000000000e+00
0.0000000000000000000000000000000000000000000000000000000000000000000000000000000000000000000000000000e+00
-2.7059805007309845059637609665514901280403137207031250000000000000000000000000000000000000000000000000e-01
0.0000000000000000000000000000000000000000000000000000000000000000000000000000000000000000000000000000e+00
0.0000000000000000000000000000000000000000000000000000000000000000000000000000000000000000000000000000e+00
5.4119610014619690119275219331029802560806274414062500000000000000000000000000000000000000000000000000e-01
0.0000000000000000000000000000000000000000000000000000000000000000000000000000000000000000000000000000e+00
0.0000000000000000000000000000000000000000000000000000000000000000000000000000000000000000000000000000e+00
5.5511151231257827021181583404541015625000000000000000000000000000000000000000000000000000000000000000e-17
0.0000000000000000000000000000000000000000000000000000000000000000000000000000000000000000000000000000e+00
