1.9134171618254494640076757150382036343216896057128906250000000000000000000000000000000000000000000000e-01
1.0000000000000000000000000000000000000000000000000000000000000000000000000000000000000000000000000000e+00
9.2387953251128673848313610506011173129081726074218750000000000000000000000000000000000000000000000000e-01
-3.8268343236508989280153514300764072686433792114257812500000000000000000000000000000000000000000000000e-01
4.6193976625564342475271928378788288682699203491210937500000000000000000000000000000000000000000000000e-01
1.0000000000000000000000000000000000000000000000000000000000000000000000000000000000000000000000000000e+00
3.8268343236508978177923268049198668450117111206054687500000000000000000000000000000000000000000000000e-01
-9.2387953251128684950543856757576577365398406982421875000000000000000000000000000000000000000000000000e-01
4.6193976625564342475271928378788288682699203491210937500000000000000000000000000000000000000000000000e-01
1.0000000000000000000000000000000000000000000000000000000000000000000000000000000000000000000000000000e+00
-3.8268343236508978177923268049198668450117111206054687500000000000000000000000000000000000000000000000e-01
-9.2387953251128684950543856757576577365398406982421875000000000000000000000000000000000000000000000000e-01
1.9134171618254494640076757150382036343216896057128906250000000000000000000000000000000000000000000000e-01
1.0000000000000000000000000000000000000000000000000000000000000000000000000000000000000000000000000000e+00
-9.2387953251128673848313610506011173129081726074218750000000000000000000000000000000000000000000000000e-01
-3.8268343236508989280153514300764072686433792114257812500000000000000000000000000000000000000000000000e-01
